0.002
0.004
0.006
0.008
0.011
0.013
0.015
0.017
0.019
0.021
0.023
0.025
0.028
0.030
0.032
0.034
0.036
0.038
0.040
0.042
0.045
0.047
0.049
0.051
0.053
0.055
0.057
0.059
0.062
0.064
0.066
0.068
0.070
0.072
0.074
0.076
0.079
0.081
0.083
0.085
0.087
0.089
0.091
0.093
0.096
0.098
0.100
0.102
0.104
0.106
0.108
0.110
0.113
0.115
0.117
0.119
0.121
0.123
0.125
0.127
0.130
0.132
0.134
0.136
0.138
0.140
0.142
0.142
0.144
0.146
0.149
0.151
0.153
0.155
0.157
0.159
0.161
0.163
0.166
0.168
0.170
0.172
0.174
0.176
0.178
0.180
0.183
0.185
0.187
0.189
0.191
0.193
0.195
0.197
0.200
0.202
0.204
0.206
0.208
0.210
0.212
0.214
0.217
0.219
0.221
0.223
0.225
0.227
0.229
0.231
0.234
0.236
0.238
0.240
0.242
0.244
0.246
0.248
0.251
0.253
0.255
0.257
0.259
0.261
0.263
0.265
0.268
0.270
0.272
0.274
0.276
0.278
0.280
0.282
0.285
0.287
0.289
0.291
0.291
0.293
0.295
0.297
0.299
0.301
0.304
0.306
0.308
0.310
0.312
0.314
0.316
0.318
0.321
0.323
0.325
0.325
0.327
0.329
0.331
0.333
0.335
0.338
0.340
0.342
0.344
0.346
0.348
0.350
0.352
0.355
0.357
0.359
0.361
0.363
0.365
0.367
0.369
0.372
0.374
0.376
0.378
0.380
0.382
0.384
0.386
0.389
0.391
0.393
0.395
0.395
0.397
0.399
0.401
0.403
0.406
0.408
0.410
0.412
0.414
0.416
0.418
0.420
0.423
0.425
0.427
0.429
0.431
0.433
0.435
0.437
0.439
0.442
0.444
0.446
0.446
0.448
0.450
0.452
0.454
0.454
0.456
0.459
0.461
0.463
0.465
0.467
0.469
0.471
0.473
0.476
0.478
0.480
0.482
0.484
0.486
0.486
0.488
0.490
0.493
0.493
0.495
0.497
0.499
0.501
0.503
0.505
0.507
0.510
0.512
0.514
0.516
0.518
0.520
0.522
0.524
0.527
0.529
0.531
0.533
0.535
0.537
0.539
0.541
0.544
0.546
0.548
0.550
0.552
0.554
0.556
0.558
0.561
0.563
0.565
0.567
0.569
0.571
0.573
0.575
0.575
0.577
0.580
0.582
0.584
0.586
0.588
0.590
0.592
0.594
0.597
0.599
0.601
0.603
0.605
0.607
0.607
0.609
0.611
0.614
0.616
0.618
0.620
0.622
0.624
0.626
0.628
0.631
0.633
0.635
0.637
0.639
0.641
0.643
0.645
0.648
0.650
0.652
0.654
0.656
0.658
0.660
0.662
0.665
0.667
0.669
0.671
0.673
0.675
0.677
0.677
0.679
0.682
0.684
0.686
0.688
0.688
0.690
0.690
0.692
0.694
0.696
0.699
0.701
0.703
0.705
0.707
0.709
0.711
0.711
0.711
0.713
0.715
0.718
0.720
0.722
0.724
0.724
0.726
0.728
0.730
0.732
0.732
0.735
0.737
0.739
0.741
0.743
0.743
0.743
0.745
0.747
0.749
0.752
0.754
0.756
0.758
0.760
0.760
0.760
0.762
0.764
0.764
0.764
0.766
0.769
0.771
0.771
0.773
0.775
0.777
0.779
0.781
0.783
0.783
0.786
0.788
0.790
0.792
0.794
0.796
0.796
0.796
0.798
0.800
0.800
0.800
0.800
0.803
0.805
0.807
0.809
0.809
0.811
0.811
0.813
0.813
0.815
0.817
0.820
0.822
0.824
0.826
0.826
0.826
0.828
0.830
0.832
0.832
0.832
0.834
0.837
0.837
0.837
0.839
0.839
0.839
0.839
0.839
0.841
0.843
0.843
0.845
0.845
0.847
0.849
0.849
0.851
0.851
0.854
0.856
0.856
0.858
0.860
0.860
0.860
0.862
0.862
0.862
0.862
0.864
0.864
0.864
0.864
0.864
0.864
0.864
0.866
0.866
0.866
0.866
0.868
0.868
0.868
0.868
0.868
0.868
0.868
0.868
0.868
0.868
0.870
0.870
0.870
0.870
0.873
0.873
0.873
0.873
0.873
0.873
0.873
0.873
0.873
0.873
0.873
0.873
0.875
0.875
0.875
0.877
0.877
0.877
0.877
0.877
0.877
0.877
0.877
0.877
0.877
0.877
0.877
0.877
0.877
0.877
0.879
0.879
0.879
0.879
0.881
0.881
0.881
0.881
0.881
0.881
0.881
0.881
0.881
0.883
0.883
0.883
0.883
0.883
0.883
0.883
0.885
0.885
0.885
0.885
0.885
0.885
0.887
0.887
0.887
0.887
0.887
0.887
0.890
0.890
0.890
0.890
0.892
0.892
0.892
0.892
0.892
0.892
0.892
0.892
0.892
0.892
0.892
0.892
0.892
0.892
0.892
0.892
0.892
0.892
0.892
0.892
0.894
0.894
0.894
0.894
0.894
0.894
0.894
0.894
0.894
0.894
0.894
0.894
0.896
0.896
0.896
0.896
0.896
0.898
0.898
0.898
0.898
0.898
0.898
0.900
0.900
0.900
0.902
0.902
0.902
0.902
0.902
0.902
0.902
0.902
0.902
0.902
0.902
0.904
0.904
0.907
0.907
0.909
0.909
0.909
0.909
0.909
0.909
0.909
0.909
0.909
0.909
0.909
0.909
0.909
0.909
0.909
0.909
0.909
0.909
0.909
0.909
0.911
0.911
0.911
0.911
0.911
0.911
0.911
0.911
0.911
0.911
0.911
0.911
0.911
0.911
0.911
0.911
0.911
0.911
0.911
0.911
0.911
0.911
0.911
0.911
0.911
0.911
0.911
0.911
0.911
0.911
0.911
0.913
0.913
0.913
0.913
0.913
0.913
0.913
0.913
0.913
0.913
0.913
0.913
0.913
0.913
0.913
0.913
0.913
0.913
0.913
0.913
0.913
0.913
0.913
0.913
0.913
0.913
0.913
0.913
0.913
0.913
0.913
0.913
0.913
0.913
0.913
0.913
0.913
0.913
0.913
0.915
0.915
0.915
0.917
0.917
0.917
0.917
0.917
0.917
0.917
0.917
0.917
0.917
0.917
0.917
0.917
0.917
0.917
0.917
0.917
0.917
0.917
0.917
0.917
0.917
0.917
0.917
0.917
0.917
0.917
0.917
0.917
0.917
0.917
0.917
0.917
0.917
0.917
0.917
0.917
0.917
0.917
0.917
0.917
0.917
0.917
0.917
0.917
0.917
0.917
0.917
0.917
0.917
0.917
0.917
0.917
0.917
0.917
0.917
0.917
0.917
0.917
0.917
0.917
0.917
0.917
0.917
0.917
0.917
0.917
0.917
0.917
0.917
0.917
0.917
0.917
0.917
0.917
0.917
0.917
0.917
0.917
0.917
0.917
0.917
0.917
0.917
0.917
0.917
0.917
0.917
0.917
0.917
0.917
0.917
0.917
0.917
0.917
0.917
0.917
0.917
0.917
0.917
0.917
0.917
0.917
0.917
0.917
0.917
0.917
0.917
0.917
0.917
0.917
0.917
0.917
0.917
0.917
0.917
0.917
0.917
0.917
0.917
0.917
0.917
0.917
0.917
0.917
0.917
0.917
0.917
0.917
0.917
0.917
0.917
0.917
0.917
0.917
0.917
0.917
0.917
0.917
0.917
0.917
0.919
0.919
0.919
0.919
0.919
0.919
0.919
0.919
0.919
0.919
0.919
0.919
0.919
0.919
0.921
0.921
0.921
0.921
0.921
0.921
0.921
0.921
0.921
0.921
0.921
0.921
0.921
0.921
0.921
0.921
0.921
0.921
0.921
0.921
0.921
0.921
0.921
0.921
0.921
0.921
0.921
0.921
0.921
0.921
0.921
0.921
0.924
0.924
0.924
0.924
0.924
0.924
0.924
0.924
0.924
0.924
0.924
0.924
0.924
0.924
0.924
0.924
0.924
0.924
0.924
0.924
0.924
0.924
0.924
0.924
0.924
0.924
0.924
0.926
0.926
0.926
0.926
0.926
0.926
0.926
0.926
0.928
0.928
0.928
0.928
0.928
0.928
0.928
0.928
0.928
0.928
0.928
0.928
0.928
0.928
0.928
0.928
0.928
0.928
0.928
0.928
0.928
0.928
0.928
0.928
0.928
0.928
0.928
0.928
0.928
0.928
0.928
0.928
0.928
0.928
0.928
0.928
0.928
0.928
0.928
0.928
0.928
0.928
0.928
0.928
0.928
0.928
0.928
0.928
0.928
0.928
0.928
0.930
0.930
0.930
0.930
0.930
0.930
0.930
0.930
0.930
0.930
0.930
0.930
0.930
0.930
0.930
0.930
0.930
0.930
0.930
0.930
0.930
0.930
0.930
0.930
0.930
0.930
0.930
0.930
0.930
0.930
0.930
0.930
0.930
0.930
0.930
0.930
0.930
0.930
0.930
0.930
0.932
0.932
0.932
0.932
0.932
0.932
0.932
0.932
0.932
0.932
0.932
0.932
0.932
0.932
0.932
0.932
0.932
0.932
0.932
0.932
0.932
0.934
0.934
0.934
0.934
0.934
0.934
0.934
0.934
0.934
0.934
0.934
0.934
0.934
0.934
0.934
0.934
0.934
0.934
0.934
0.934
0.934
0.934
0.934
0.936
0.936
0.936
0.936
0.936
0.936
0.936
0.936
0.936
0.936
0.936
0.936
0.936
