0.002
0.005
0.007
0.010
0.012
0.014
0.017
0.019
0.022
0.024
0.026
0.029
0.031
0.033
0.036
0.038
0.041
0.043
0.045
0.048
0.050
0.053
0.055
0.057
0.060
0.062
0.065
0.067
0.069
0.072
0.074
0.077
0.079
0.081
0.084
0.086
0.089
0.091
0.093
0.096
0.098
0.100
0.103
0.105
0.108
0.110
0.112
0.115
0.117
0.120
0.122
0.124
0.127
0.129
0.132
0.134
0.136
0.139
0.141
0.144
0.146
0.148
0.151
0.153
0.156
0.158
0.160
0.163
0.165
0.167
0.170
0.172
0.175
0.177
0.179
0.182
0.184
0.187
0.189
0.191
0.194
0.196
0.199
0.201
0.203
0.206
0.208
0.211
0.213
0.215
0.218
0.220
0.222
0.225
0.227
0.230
0.232
0.234
0.237
0.239
0.242
0.244
0.246
0.249
0.251
0.254
0.256
0.258
0.261
0.263
0.266
0.268
0.270
0.273
0.275
0.278
0.280
0.282
0.285
0.287
0.289
0.292
0.294
0.297
0.299
0.301
0.304
0.306
0.309
0.311
0.313
0.316
0.318
0.321
0.323
0.325
0.328
0.330
0.333
0.335
0.337
0.340
0.342
0.344
0.347
0.349
0.352
0.354
0.356
0.356
0.359
0.361
0.364
0.366
0.368
0.371
0.373
0.376
0.378
0.380
0.383
0.385
0.388
0.390
0.392
0.395
0.397
0.400
0.400
0.402
0.404
0.407
0.409
0.411
0.414
0.416
0.416
0.419
0.421
0.423
0.426
0.428
0.431
0.433
0.435
0.438
0.440
0.443
0.445
0.447
0.447
0.450
0.452
0.455
0.457
0.459
0.462
0.464
0.467
0.469
0.471
0.474
0.476
0.478
0.481
0.483
0.486
0.488
0.490
0.493
0.495
0.498
0.500
0.502
0.505
0.507
0.510
0.512
0.514
0.517
0.519
0.522
0.524
0.526
0.529
0.531
0.533
0.536
0.538
0.541
0.543
0.545
0.548
0.550
0.553
0.555
0.557
0.560
0.562
0.565
0.567
0.569
0.572
0.574
0.577
0.579
0.581
0.584
0.586
0.589
0.591
0.593
0.596
0.598
0.600
0.603
0.605
0.608
0.610
0.612
0.615
0.617
0.620
0.622
0.624
0.627
0.629
0.632
0.634
0.636
0.639
0.641
0.644
0.646
0.648
0.651
0.653
0.656
0.658
0.660
0.663
0.665
0.667
0.670
0.672
0.675
0.677
0.679
0.682
0.684
0.687
0.689
0.691
0.694
0.696
0.699
0.701
0.703
0.706
0.708
0.708
0.711
0.713
0.715
0.718
0.720
0.722
0.725
0.727
0.730
0.732
0.734
0.737
0.739
0.742
0.744
0.746
0.746
0.749
0.751
0.754
0.756
0.758
0.761
0.763
0.766
0.768
0.770
0.773
0.775
0.778
0.780
0.782
0.785
0.787
0.787
0.787
0.789
0.792
0.794
0.797
0.799
0.801
0.801
0.804
0.806
0.809
0.811
0.811
0.811
0.813
0.813
0.813
0.816
0.818
0.818
0.818
0.821
0.823
0.825
0.828
0.830
0.833
0.835
0.837
0.840
0.842
0.844
0.847
0.849
0.852
0.854
0.856
0.859
0.861
0.864
0.866
0.868
0.868
0.871
0.873
0.876
0.876
0.876
0.878
0.878
0.880
0.883
0.885
0.888
0.890
0.892
0.895
0.895
0.897
0.897
0.897
0.900
0.902
0.904
0.907
0.909
0.911
0.914
0.914
0.914
0.916
0.916
0.919
0.919
0.919
0.919
0.919
0.919
0.921
0.923
0.923
0.923
0.926
0.926
0.926
0.928
0.931
0.931
0.931
0.933
0.935
0.935
0.935
0.935
0.938
0.938
0.938
0.938
0.938
0.940
0.940
0.943
0.943
0.945
0.945
0.947
0.947
0.947
0.947
0.947
0.950
0.952
0.955
0.955
0.955
0.955
0.955
0.955
0.955
0.955
0.955
0.955
0.957
0.957
0.957
0.957
0.959
0.959
0.959
0.959
0.959
0.959
0.959
0.959
0.959
0.962
0.962
0.962
0.962
0.962
0.964
0.967
0.967
0.967
0.969
0.971
0.971
0.971
0.971
0.974
0.974
0.974
0.974
0.974
0.974
0.976
0.976
0.976
0.976
0.976
0.978
0.978
0.978
0.978
0.981
0.981
0.981
0.981
0.981
0.981
0.981
0.981
0.981
0.981
0.981
0.981
0.981
0.981
0.983
0.983
0.983
0.983
0.983
0.983
0.983
0.986
0.986
0.986
0.986
0.986
0.986
0.986
0.986
0.986
0.986
0.986
0.986
0.986
0.986
0.986
0.986
0.986
0.986
0.986
0.986
0.986
0.986
0.986
0.986
0.986
0.986
0.986
0.986
0.986
0.986
0.986
0.986
0.986
0.986
0.986
0.986
0.986
0.986
0.986
0.986
0.986
0.986
0.986
0.986
0.986
0.986
0.986
0.986
0.986
0.986
0.986
0.986
0.986
0.986
0.986
0.986
0.986
0.986
0.986
0.986
0.986
0.986
0.986
0.986
0.986
0.986
0.986
0.986
0.986
0.986
0.986
0.986
0.986
0.986
0.986
0.986
0.986
0.986
0.986
0.986
0.986
0.986
0.986
0.986
0.986
0.986
0.986
0.986
0.986
0.986
0.986
0.986
0.986
0.986
0.986
0.986
0.986
0.986
0.986
0.986
0.986
0.986
0.986
0.986
0.986
0.986
0.986
0.986
0.986
0.986
0.986
0.986
0.986
0.986
0.986
0.986
0.986
0.986
0.986
0.986
0.986
0.986
0.986
0.986
0.986
0.986
0.986
0.986
0.986
0.986
0.986
0.986
0.986
0.986
0.986
0.986
0.986
0.986
0.986
0.986
0.986
0.986
0.986
0.986
0.988
0.988
0.988
0.988
0.988
0.988
0.988
0.988
0.988
0.988
0.988
0.988
0.988
0.988
0.988
0.988
0.988
0.988
0.988
0.988
0.988
0.988
0.988
0.988
0.988
0.988
0.988
0.988
0.988
0.988
0.988
0.988
0.988
0.988
0.988
0.988
0.988
0.988
0.988
0.988
0.988
0.988
0.988
0.988
0.988
0.988
0.988
0.988
0.988
0.988
0.988
0.990
0.990
0.990
0.990
0.990
0.990
0.990
0.990
0.990
0.990
0.990
0.990
0.990
0.990
0.990
0.990
0.990
0.990
0.990
0.990
0.990
0.990
0.990
0.990
0.990
0.990
0.990
0.990
0.990
0.990
0.990
0.990
0.990
0.990
0.990
0.990
0.990
0.990
0.990
0.990
0.990
0.990
0.990
0.990
0.990
0.990
0.990
0.990
0.990
0.990
0.990
0.990
0.990
0.990
0.990
0.990
0.990
0.990
0.990
0.990
0.990
0.990
0.990
0.990
0.990
0.990
0.990
0.990
0.990
0.990
0.990
0.990
0.990
0.990
0.990
0.990
0.990
0.990
0.990
0.990
0.990
0.993
0.993
0.993
0.993
0.993
0.993
0.993
0.993
0.993
0.993
0.993
0.993
0.993
0.993
0.993
0.993
0.993
0.993
0.993
0.993
0.993
0.993
0.993
0.993
0.993
0.993
0.993
0.993
0.993
0.993
0.993
0.993
0.993
0.993
0.993
0.993
0.993
0.993
0.993
0.993
0.993
0.993
0.993
0.993
0.993
0.993
0.993
0.993
0.993
0.993
0.993
0.993
0.993
0.993
0.993
0.993
0.993
0.993
0.993
0.993
0.993
0.993
0.993
0.993
0.993
0.993
0.993
0.993
0.993
0.993
0.993
0.993
0.993
0.993
0.993
0.993
0.993
0.993
0.993
0.993
0.993
0.993
0.993
0.993
0.993
0.993
0.993
0.993
0.993
0.993
0.993
0.993
0.993
0.993
0.993
0.993
0.993
0.993
0.993
0.993
0.993
0.993
0.993
0.993
0.993
0.993
0.993
0.993
0.993
0.993
0.993
0.993
0.993
0.993
0.993
0.993
0.993
0.993
0.993
0.993
0.993
0.993
0.993
0.993
0.993
0.993
0.993
0.993
0.993
0.993
0.993
0.993
0.993
0.993
0.993
0.993
0.993
0.993
0.993
0.993
0.993
