0.003
0.006
0.009
0.012
0.015
0.018
0.021
0.024
0.026
0.029
0.032
0.035
0.038
0.041
0.044
0.047
0.050
0.053
0.056
0.059
0.062
0.065
0.068
0.071
0.074
0.076
0.079
0.082
0.085
0.088
0.091
0.094
0.097
0.100
0.103
0.106
0.109
0.112
0.115
0.118
0.121
0.124
0.126
0.129
0.132
0.135
0.138
0.141
0.144
0.147
0.147
0.150
0.153
0.156
0.159
0.162
0.165
0.168
0.171
0.174
0.176
0.179
0.182
0.185
0.188
0.191
0.194
0.197
0.200
0.200
0.203
0.206
0.209
0.212
0.215
0.218
0.221
0.224
0.226
0.229
0.232
0.235
0.238
0.241
0.244
0.247
0.250
0.253
0.256
0.259
0.262
0.265
0.268
0.271
0.274
0.276
0.279
0.282
0.285
0.288
0.291
0.294
0.297
0.300
0.303
0.306
0.309
0.312
0.315
0.318
0.321
0.324
0.326
0.329
0.332
0.335
0.338
0.341
0.344
0.347
0.350
0.353
0.356
0.359
0.359
0.362
0.365
0.368
0.371
0.374
0.376
0.379
0.382
0.385
0.388
0.391
0.394
0.397
0.400
0.403
0.406
0.409
0.412
0.415
0.418
0.421
0.424
0.426
0.429
0.432
0.435
0.438
0.441
0.444
0.447
0.450
0.453
0.456
0.459
0.462
0.465
0.468
0.471
0.474
0.476
0.479
0.482
0.485
0.488
0.491
0.494
0.497
0.500
0.503
0.506
0.509
0.512
0.515
0.518
0.521
0.524
0.526
0.529
0.532
0.535
0.538
0.541
0.544
0.547
0.550
0.553
0.556
0.559
0.562
0.565
0.568
0.571
0.574
0.576
0.576
0.579
0.582
0.582
0.585
0.588
0.591
0.594
0.597
0.600
0.603
0.606
0.609
0.612
0.615
0.618
0.621
0.624
0.626
0.629
0.632
0.635
0.638
0.641
0.644
0.647
0.650
0.653
0.656
0.659
0.662
0.665
0.668
0.671
0.674
0.676
0.679
0.682
0.685
0.688
0.691
0.694
0.697
0.700
0.703
0.706
0.706
0.709
0.712
0.715
0.718
0.721
0.724
0.726
0.729
0.732
0.735
0.738
0.741
0.744
0.747
0.750
0.753
0.756
0.759
0.762
0.765
0.768
0.771
0.774
0.776
0.779
0.782
0.785
0.788
0.791
0.794
0.797
0.800
0.803
0.806
0.809
0.809
0.812
0.815
0.818
0.821
0.824
0.826
0.829
0.832
0.835
0.838
0.841
0.841
0.844
0.847
0.850
0.853
0.856
0.859
0.859
0.862
0.862
0.865
0.868
0.871
0.874
0.876
0.879
0.882
0.885
0.885
0.888
0.891
0.891
0.891
0.894
0.897
0.900
0.903
0.903
0.903
0.906
0.909
0.912
0.912
0.912
0.912
0.912
0.912
0.912
0.912
0.915
0.918
0.918
0.918
0.918
0.921
0.921
0.924
0.926
0.929
0.929
0.929
0.929
0.929
0.929
0.929
0.929
0.929
0.932
0.935
0.935
0.935
0.938
0.941
0.941
0.941
0.941
0.941
0.941
0.944
0.944
0.944
0.944
0.944
0.944
0.947
0.947
0.947
0.947
0.947
0.947
0.947
0.947
0.947
0.947
0.947
0.950
0.953
0.953
0.956
0.956
0.956
0.956
0.956
0.956
0.956
0.956
0.956
0.956
0.959
0.959
0.959
0.962
0.962
0.962
0.962
0.962
0.962
0.962
0.962
0.962
0.962
0.962
0.962
0.962
0.962
0.962
0.962
0.962
0.962
0.962
0.962
0.962
0.962
0.962
0.962
0.962
0.962
0.962
0.962
0.962
0.962
0.962
0.962
0.962
0.962
0.962
0.962
0.962
0.962
0.962
0.962
0.962
0.962
0.962
0.962
0.962
0.965
0.965
0.965
0.965
0.965
0.965
0.965
0.965
0.965
0.965
0.965
0.965
0.965
0.965
0.965
0.965
0.965
0.965
0.965
0.965
0.965
0.965
0.965
0.965
0.965
0.965
0.965
0.965
0.965
0.965
0.965
0.965
0.965
0.965
0.965
0.965
0.965
0.965
0.965
0.965
0.968
0.968
0.968
0.968
0.968
0.968
0.968
0.968
0.968
0.968
0.968
0.968
0.968
0.968
0.968
0.968
0.968
0.968
0.968
0.971
0.971
0.971
0.971
0.971
0.971
0.971
0.971
0.971
0.971
0.971
0.971
0.971
0.971
0.971
0.971
0.971
0.971
0.971
0.971
0.971
0.971
0.971
0.971
0.971
0.971
0.971
0.974
0.974
0.974
0.974
0.974
0.974
0.974
0.974
0.974
0.974
0.974
0.974
0.974
0.974
0.974
0.974
0.974
0.974
0.974
0.974
0.974
0.974
0.974
0.974
0.974
0.974
0.974
0.974
0.974
0.974
0.974
0.974
0.974
0.974
0.974
0.974
0.974
0.974
0.974
0.974
0.974
0.974
0.974
0.974
0.974
0.974
0.974
0.974
0.974
0.974
0.974
0.974
0.974
0.974
0.974
0.974
0.974
0.974
0.974
0.974
0.974
0.974
0.974
0.974
0.974
0.974
0.976
0.976
0.976
0.976
0.976
0.976
0.976
0.976
0.976
0.976
0.976
0.976
0.976
0.976
0.976
0.976
0.976
0.976
0.976
0.976
0.976
0.976
0.976
0.976
0.976
0.976
0.976
0.976
0.976
0.976
0.976
0.976
0.976
0.976
0.976
0.976
0.976
0.976
0.976
0.979
0.979
0.979
0.979
0.979
0.979
0.979
0.979
0.979
0.979
0.979
0.979
0.979
0.979
0.979
0.979
0.979
0.979
0.979
0.979
0.979
0.979
0.979
0.979
0.979
0.979
0.979
0.979
0.979
0.979
0.979
0.979
0.979
0.979
0.979
0.979
0.979
0.979
0.979
0.979
0.979
0.979
0.979
0.979
0.979
0.979
0.979
0.979
0.979
0.979
0.979
0.979
0.979
0.979
0.979
0.979
0.979
0.979
0.979
0.979
0.979
0.979
0.979
0.979
0.979
0.979
0.979
0.979
0.979
0.979
0.979
0.979
0.979
0.979
0.979
0.979
0.979
0.979
0.979
0.979
0.979
0.979
0.979
0.979
0.979
0.979
0.979
0.979
0.979
0.979
0.979
0.979
0.979
0.979
0.979
0.979
0.979
0.979
0.979
0.979
0.979
0.979
0.979
0.979
0.979
0.979
0.979
0.979
0.979
0.979
0.979
0.979
0.979
0.979
0.979
0.979
0.979
0.979
0.979
0.979
0.979
0.979
0.979
0.979
0.979
0.979
0.979
0.979
0.979
0.979
0.979
0.979
0.979
0.979
0.979
0.979
0.979
0.979
0.979
0.979
0.979
0.979
0.979
0.979
0.979
0.979
0.979
0.979
0.979
0.979
0.979
0.979
0.979
0.979
0.982
0.982
0.982
0.982
0.982
0.982
0.982
0.982
0.982
0.982
0.982
0.982
0.985
0.985
0.985
0.985
0.985
0.985
0.985
0.985
0.985
0.985
0.985
0.985
0.985
0.985
0.985
0.985
0.985
0.985
0.985
0.985
0.985
0.985
0.985
0.985
0.985
0.985
0.985
0.985
0.985
0.985
0.985
