0.003
0.006
0.008
0.011
0.014
0.017
0.019
0.022
0.025
0.028
0.030
0.033
0.036
0.039
0.041
0.044
0.047
0.050
0.052
0.055
0.058
0.061
0.064
0.066
0.069
0.072
0.075
0.077
0.080
0.083
0.086
0.088
0.091
0.094
0.097
0.099
0.102
0.105
0.108
0.110
0.113
0.116
0.119
0.122
0.124
0.127
0.130
0.133
0.135
0.138
0.141
0.144
0.146
0.149
0.152
0.155
0.157
0.160
0.163
0.166
0.169
0.171
0.174
0.177
0.180
0.182
0.185
0.188
0.191
0.193
0.196
0.199
0.202
0.204
0.207
0.210
0.213
0.215
0.218
0.221
0.224
0.227
0.229
0.232
0.235
0.238
0.240
0.243
0.246
0.249
0.251
0.254
0.257
0.260
0.262
0.265
0.268
0.271
0.273
0.276
0.279
0.282
0.285
0.287
0.290
0.293
0.296
0.298
0.301
0.304
0.307
0.307
0.309
0.312
0.315
0.318
0.320
0.323
0.326
0.329
0.331
0.334
0.337
0.340
0.343
0.345
0.348
0.351
0.354
0.356
0.359
0.362
0.365
0.367
0.370
0.373
0.376
0.378
0.381
0.384
0.387
0.390
0.392
0.395
0.398
0.401
0.403
0.406
0.409
0.412
0.414
0.417
0.420
0.423
0.425
0.428
0.431
0.434
0.436
0.439
0.442
0.445
0.448
0.450
0.453
0.456
0.459
0.461
0.464
0.467
0.470
0.472
0.475
0.478
0.481
0.483
0.486
0.489
0.492
0.494
0.497
0.500
0.503
0.506
0.508
0.511
0.514
0.517
0.519
0.522
0.525
0.528
0.530
0.533
0.536
0.539
0.541
0.544
0.544
0.547
0.550
0.552
0.555
0.558
0.561
0.564
0.566
0.569
0.572
0.575
0.577
0.580
0.583
0.586
0.588
0.591
0.594
0.597
0.599
0.602
0.605
0.608
0.610
0.613
0.616
0.616
0.619
0.622
0.624
0.627
0.630
0.633
0.635
0.638
0.641
0.644
0.646
0.649
0.652
0.655
0.657
0.660
0.663
0.666
0.669
0.669
0.671
0.674
0.677
0.680
0.682
0.682
0.685
0.688
0.691
0.693
0.696
0.696
0.699
0.702
0.704
0.707
0.710
0.713
0.713
0.715
0.718
0.721
0.724
0.727
0.729
0.732
0.735
0.738
0.740
0.743
0.743
0.746
0.749
0.751
0.754
0.757
0.760
0.762
0.765
0.765
0.768
0.771
0.773
0.776
0.779
0.782
0.785
0.787
0.790
0.793
0.793
0.796
0.798
0.801
0.804
0.804
0.804
0.807
0.809
0.812
0.815
0.818
0.820
0.823
0.826
0.829
0.831
0.834
0.837
0.840
0.843
0.843
0.845
0.848
0.851
0.854
0.854
0.856
0.856
0.859
0.862
0.865
0.867
0.867
0.867
0.870
0.873
0.873
0.876
0.876
0.876
0.876
0.878
0.881
0.884
0.884
0.887
0.887
0.890
0.890
0.890
0.890
0.890
0.890
0.890
0.892
0.892
0.892
0.892
0.892
0.895
0.895
0.895
0.895
0.895
0.898
0.901
0.903
0.903
0.903
0.903
0.903
0.906
0.909
0.912
0.912
0.912
0.912
0.912
0.914
0.917
0.917
0.917
0.920
0.923
0.923
0.923
0.925
0.928
0.928
0.931
0.931
0.931
0.931
0.931
0.931
0.931
0.931
0.934
0.936
0.936
0.936
0.936
0.939
0.939
0.939
0.939
0.942
0.942
0.942
0.945
0.945
0.948
0.948
0.948
0.948
0.948
0.950
0.950
0.950
0.950
0.950
0.950
0.950
0.950
0.950
0.950
0.950
0.953
0.953
0.953
0.953
0.956
0.956
0.956
0.956
0.956
0.956
0.956
0.956
0.956
0.956
0.956
0.956
0.956
0.956
0.956
0.956
0.959
0.959
0.959
0.959
0.959
0.959
0.959
0.959
0.959
0.959
0.959
0.959
0.959
0.959
0.959
0.959
0.959
0.959
0.959
0.959
0.959
0.961
0.961
0.961
0.964
0.964
0.964
0.964
0.964
0.964
0.964
0.964
0.964
0.964
0.964
0.964
0.964
0.964
0.964
0.964
0.964
0.964
0.964
0.964
0.964
0.964
0.964
0.964
0.964
0.964
0.964
0.964
0.964
0.964
0.964
0.964
0.964
0.964
0.964
0.967
0.967
0.967
0.967
0.967
0.967
0.967
0.967
0.967
0.967
0.967
0.967
0.967
0.967
0.967
0.967
0.967
0.967
0.967
0.967
0.967
0.970
0.970
0.970
0.970
0.970
0.970
0.970
0.970
0.970
0.970
0.970
0.970
0.970
0.970
0.970
0.970
0.970
0.970
0.970
0.970
0.970
0.970
0.970
0.970
0.970
0.970
0.970
0.970
0.970
0.970
0.970
0.970
0.970
0.970
0.970
0.970
0.970
0.970
0.970
0.970
0.970
0.970
0.970
0.970
0.970
0.970
0.970
0.970
0.970
0.970
0.970
0.970
0.970
0.970
0.970
0.970
0.970
0.970
0.970
0.970
0.970
0.970
0.970
0.970
0.970
0.970
0.970
0.970
0.970
0.970
0.970
0.970
0.970
0.970
0.970
0.970
0.970
0.970
0.970
0.970
0.970
0.970
0.970
0.970
0.970
0.970
0.970
0.970
0.970
0.970
0.970
0.970
0.970
0.970
0.970
0.970
0.970
0.970
0.970
0.970
0.970
0.970
0.970
0.970
0.970
0.970
0.970
0.970
0.970
0.970
0.970
0.970
0.970
0.970
0.970
0.970
0.970
0.970
0.970
0.970
0.970
0.970
0.970
0.970
0.970
0.970
0.970
0.970
0.970
0.970
0.970
0.970
0.972
0.972
0.972
0.972
0.972
0.972
0.972
0.972
0.972
0.972
0.972
0.972
0.972
0.972
0.972
0.972
0.972
0.972
0.972
0.972
0.972
0.972
0.972
0.972
0.972
0.972
0.972
0.972
0.972
0.972
0.972
0.972
0.972
0.972
0.972
0.972
0.972
0.972
0.972
0.972
0.972
0.972
0.972
0.972
0.972
0.972
0.972
0.972
0.972
0.972
0.972
0.972
0.972
0.972
0.972
0.972
0.972
0.972
0.972
0.972
0.972
0.972
0.972
0.972
0.972
0.972
0.975
0.975
0.975
0.975
0.975
0.975
0.975
0.975
0.975
0.975
0.975
0.975
0.975
0.975
0.975
0.975
0.975
0.975
0.975
0.975
0.975
0.975
0.975
0.975
0.975
0.975
0.975
0.975
0.975
0.978
0.978
0.978
0.978
0.978
0.978
0.978
0.978
0.978
0.978
0.978
0.978
0.978
0.978
0.978
0.978
0.978
0.978
0.978
0.978
0.978
0.978
0.978
0.978
0.978
0.978
0.978
0.978
0.978
0.978
0.978
0.978
0.978
0.978
0.978
0.978
0.978
0.978
0.978
0.978
0.978
0.978
0.978
0.978
0.978
0.978
0.978
0.978
0.978
0.978
0.978
0.978
0.978
0.978
0.978
0.978
0.978
0.978
0.978
0.978
0.978
0.978
0.978
0.978
0.978
0.978
0.978
0.978
0.978
0.978
0.978
0.978
0.978
0.978
0.978
0.978
0.978
0.978
0.978
0.978
0.978
0.978
0.978
0.978
0.978
0.978
0.978
0.978
0.978
0.978
0.978
0.978
0.978
0.978
0.978
0.978
0.978
0.978
0.978
0.978
0.978
0.978
0.978
0.978
0.978
0.978
0.978
0.978
0.978
0.978
0.978
0.978
0.978
0.978
0.978
0.978
0.981
0.981
0.981
0.981
0.981
0.981
0.981
0.981
0.981
0.981
0.981
0.981
0.981
0.981
0.981
0.981
0.981
0.981
0.981
0.981
0.981
0.981
0.981
0.981
0.981
0.981
0.981
0.981
0.981
0.981
0.981
0.981
0.981
0.981
0.981
0.981
0.981
0.981
0.981
0.981
0.981
0.981
0.981
0.981
0.981
0.981
0.981
0.981
0.981
0.981
0.981
0.981
0.981
0.981
0.981
0.981
0.981
0.981
0.981
0.981
0.981
0.981
0.981
0.981
0.981
0.981
0.981
0.981
0.981
0.981
0.981
0.981
0.981
0.981
0.981
0.981
0.981
0.981
0.981
0.981
0.981
