0.003
0.005
0.008
0.010
0.013
0.016
0.018
0.021
0.023
0.026
0.029
0.031
0.034
0.036
0.039
0.042
0.044
0.047
0.049
0.052
0.055
0.057
0.060
0.062
0.065
0.068
0.070
0.073
0.076
0.078
0.081
0.083
0.086
0.089
0.091
0.094
0.096
0.099
0.102
0.104
0.107
0.109
0.112
0.115
0.117
0.120
0.122
0.125
0.128
0.130
0.133
0.135
0.138
0.141
0.143
0.146
0.148
0.151
0.154
0.156
0.159
0.161
0.164
0.167
0.169
0.172
0.174
0.177
0.180
0.182
0.185
0.188
0.190
0.193
0.195
0.198
0.201
0.203
0.206
0.208
0.211
0.214
0.216
0.219
0.221
0.224
0.227
0.229
0.232
0.234
0.237
0.240
0.242
0.245
0.247
0.250
0.253
0.255
0.258
0.260
0.263
0.266
0.268
0.271
0.273
0.276
0.279
0.281
0.284
0.286
0.289
0.292
0.294
0.297
0.299
0.302
0.305
0.307
0.310
0.312
0.315
0.318
0.320
0.323
0.326
0.328
0.331
0.333
0.336
0.339
0.341
0.344
0.346
0.349
0.352
0.354
0.357
0.359
0.362
0.365
0.367
0.370
0.372
0.375
0.378
0.380
0.383
0.385
0.388
0.391
0.393
0.396
0.398
0.401
0.404
0.406
0.409
0.411
0.414
0.417
0.419
0.422
0.424
0.427
0.430
0.432
0.435
0.438
0.440
0.443
0.445
0.448
0.451
0.453
0.456
0.458
0.461
0.464
0.466
0.469
0.471
0.474
0.477
0.479
0.482
0.484
0.487
0.490
0.492
0.495
0.497
0.500
0.503
0.505
0.508
0.510
0.513
0.516
0.518
0.521
0.523
0.526
0.529
0.531
0.534
0.536
0.539
0.542
0.544
0.547
0.549
0.552
0.555
0.557
0.560
0.562
0.565
0.568
0.570
0.573
0.576
0.578
0.581
0.583
0.586
0.589
0.591
0.594
0.596
0.599
0.602
0.604
0.607
0.609
0.612
0.615
0.617
0.620
0.622
0.625
0.628
0.630
0.633
0.635
0.638
0.641
0.643
0.646
0.648
0.651
0.654
0.656
0.659
0.661
0.664
0.664
0.667
0.669
0.672
0.674
0.677
0.680
0.682
0.685
0.688
0.690
0.693
0.695
0.695
0.698
0.701
0.703
0.706
0.708
0.711
0.714
0.716
0.716
0.716
0.719
0.721
0.724
0.724
0.727
0.729
0.732
0.732
0.734
0.737
0.740
0.742
0.745
0.747
0.750
0.753
0.755
0.758
0.760
0.763
0.763
0.763
0.763
0.766
0.768
0.771
0.773
0.776
0.776
0.779
0.781
0.784
0.786
0.789
0.792
0.794
0.797
0.799
0.802
0.805
0.807
0.807
0.810
0.812
0.815
0.818
0.820
0.823
0.823
0.823
0.826
0.826
0.828
0.831
0.833
0.836
0.839
0.839
0.841
0.844
0.846
0.849
0.849
0.852
0.854
0.854
0.857
0.859
0.862
0.862
0.865
0.867
0.867
0.867
0.870
0.870
0.872
0.872
0.872
0.872
0.872
0.872
0.872
0.875
0.878
0.878
0.878
0.878
0.878
0.878
0.880
0.880
0.880
0.880
0.883
0.883
0.883
0.885
0.885
0.888
0.888
0.888
0.888
0.888
0.888
0.888
0.888
0.888
0.891
0.891
0.891
0.891
0.891
0.891
0.891
0.893
0.893
0.893
0.893
0.896
0.896
0.896
0.896
0.896
0.896
0.896
0.898
0.901
0.901
0.901
0.904
0.904
0.904
0.904
0.904
0.904
0.906
0.909
0.909
0.909
0.909
0.909
0.911
0.914
0.914
0.914
0.914
0.914
0.914
0.914
0.917
0.917
0.919
0.919
0.919
0.919
0.919
0.919
0.922
0.924
0.924
0.924
0.924
0.927
0.927
0.927
0.930
0.930
0.932
0.935
0.935
0.935
0.935
0.935
0.935
0.935
0.935
0.935
0.938
0.938
0.940
0.943
0.943
0.943
0.943
0.943
0.943
0.943
0.943
0.943
0.943
0.945
0.945
0.945
0.945
0.945
0.945
0.945
0.945
0.945
0.945
0.945
0.948
0.948
0.948
0.948
0.948
0.948
0.948
0.948
0.948
0.948
0.948
0.948
0.948
0.948
0.951
0.951
0.951
0.951
0.951
0.951
0.951
0.951
0.951
0.951
0.951
0.953
0.953
0.953
0.953
0.953
0.953
0.953
0.953
0.953
0.956
0.956
0.956
0.956
0.958
0.958
0.958
0.958
0.958
0.958
0.958
0.958
0.958
0.958
0.958
0.958
0.958
0.958
0.958
0.958
0.958
0.958
0.958
0.958
0.958
0.958
0.958
0.961
0.961
0.961
0.961
0.961
0.961
0.961
0.961
0.961
0.961
0.961
0.961
0.961
0.961
0.961
0.961
0.961
0.961
0.961
0.961
0.961
0.961
0.961
0.961
0.961
0.961
0.964
0.964
0.964
0.964
0.964
0.964
0.964
0.964
0.964
0.964
0.964
0.964
0.966
0.966
0.966
0.966
0.966
0.966
0.966
0.966
0.966
0.966
0.966
0.966
0.969
0.969
0.969
0.969
0.969
0.969
0.969
0.969
0.969
0.971
0.971
0.971
0.971
0.971
0.974
0.974
0.974
0.974
0.974
0.974
0.974
0.974
0.974
0.974
0.974
0.974
0.974
0.974
0.974
0.974
0.974
0.974
0.974
0.974
0.974
0.974
0.974
0.974
0.974
0.974
0.974
0.974
0.974
0.974
0.974
0.974
0.974
0.974
0.974
0.974
0.974
0.974
0.977
0.977
0.977
0.977
0.977
0.977
0.977
0.977
0.977
0.977
0.977
0.977
0.977
0.977
0.977
0.977
0.977
0.977
0.977
0.977
0.977
0.977
0.977
0.977
0.977
0.977
0.977
0.977
0.977
0.977
0.977
0.977
0.977
0.977
0.977
0.977
0.977
0.977
0.977
0.977
0.977
0.977
0.977
0.977
0.977
0.979
0.979
0.979
0.979
0.979
0.979
0.979
0.979
0.979
0.979
0.979
0.979
0.979
0.979
0.979
0.979
0.979
0.979
0.979
0.979
0.979
0.979
0.979
0.979
0.979
0.979
0.979
0.979
0.982
0.982
0.982
0.982
0.982
0.982
0.982
0.982
0.982
0.982
0.982
0.982
0.982
0.982
0.982
0.982
0.982
0.982
0.982
0.982
0.982
0.982
0.982
0.982
0.982
0.982
0.982
0.982
0.982
0.982
0.982
0.982
0.982
0.982
0.982
0.982
0.982
0.982
0.982
0.982
0.982
0.982
0.982
0.982
0.982
0.982
0.982
0.982
0.982
0.982
0.982
0.982
0.982
0.982
0.982
0.982
0.982
0.982
0.982
0.982
0.982
0.982
0.982
0.982
0.982
0.982
0.982
0.982
0.982
0.982
0.982
0.982
0.982
0.982
0.982
0.982
0.982
0.982
0.982
0.982
0.982
0.982
0.982
0.982
0.982
0.982
0.982
0.982
0.982
0.982
0.982
0.984
0.984
0.984
0.984
0.984
0.984
0.984
0.984
0.984
0.984
0.984
0.984
0.984
0.984
0.984
0.984
0.984
0.984
0.984
0.984
0.984
0.984
0.984
0.984
0.984
0.984
0.984
0.984
0.984
0.984
0.984
0.984
0.984
0.984
0.984
0.984
0.984
0.984
0.984
0.984
0.984
0.984
0.984
0.984
0.984
0.984
0.984
0.984
0.984
0.984
0.984
0.984
0.984
0.984
0.984
0.984
0.984
0.984
0.984
0.984
0.984
0.984
0.984
0.984
0.984
0.984
0.984
0.984
0.984
0.984
0.984
0.984
0.984
0.984
0.984
0.984
0.984
0.984
0.984
0.984
0.984
0.984
0.984
0.984
0.984
0.984
0.984
0.984
0.984
0.984
0.984
0.984
0.984
0.984
0.984
0.984
0.984
0.984
0.984
0.984
0.984
0.984
0.984
0.984
0.984
0.984
0.984
0.984
0.984
0.984
0.984
0.984
0.984
0.984
0.987
0.987
0.987
0.987
0.987
0.987
0.987
0.987
0.987
0.987
0.987
0.987
0.987
0.987
0.987
0.987
0.987
0.987
0.987
0.987
0.987
0.987
0.987
0.987
0.987
0.987
0.987
0.987
0.987
0.987
0.987
0.987
0.987
0.987
0.987
0.987
0.987
0.987
0.987
0.987
0.987
0.987
0.987
0.987
0.987
0.987
0.987
0.987
0.987
0.987
0.987
0.987
0.987
0.987
0.987
0.987
0.987
0.987
0.987
0.987
0.987
0.987
0.987
0.987
0.987
0.987
0.987
0.987
0.987
0.987
0.987
