0.002
0.005
0.007
0.009
0.012
0.014
0.016
0.019
0.021
0.023
0.026
0.028
0.030
0.033
0.035
0.037
0.040
0.042
0.044
0.047
0.049
0.051
0.053
0.056
0.058
0.060
0.063
0.065
0.067
0.070
0.072
0.074
0.077
0.079
0.081
0.084
0.086
0.088
0.091
0.093
0.095
0.098
0.100
0.102
0.105
0.107
0.109
0.112
0.114
0.116
0.119
0.121
0.123
0.126
0.128
0.130
0.133
0.135
0.137
0.140
0.142
0.144
0.147
0.149
0.151
0.153
0.156
0.158
0.160
0.163
0.165
0.167
0.170
0.172
0.174
0.177
0.179
0.181
0.184
0.186
0.188
0.191
0.193
0.195
0.198
0.200
0.202
0.205
0.207
0.209
0.212
0.214
0.216
0.219
0.221
0.223
0.226
0.228
0.230
0.233
0.235
0.237
0.240
0.242
0.244
0.247
0.249
0.251
0.253
0.256
0.258
0.260
0.263
0.265
0.267
0.270
0.272
0.274
0.277
0.279
0.281
0.284
0.286
0.288
0.291
0.293
0.295
0.298
0.300
0.302
0.305
0.307
0.309
0.312
0.314
0.316
0.319
0.321
0.323
0.326
0.328
0.330
0.333
0.335
0.337
0.340
0.342
0.344
0.347
0.349
0.351
0.353
0.356
0.358
0.360
0.363
0.365
0.367
0.370
0.372
0.374
0.377
0.379
0.381
0.384
0.386
0.388
0.391
0.393
0.395
0.398
0.400
0.402
0.405
0.407
0.409
0.412
0.414
0.416
0.419
0.421
0.423
0.426
0.428
0.430
0.433
0.435
0.437
0.440
0.442
0.444
0.447
0.449
0.451
0.453
0.456
0.458
0.460
0.463
0.465
0.467
0.470
0.472
0.474
0.477
0.479
0.481
0.484
0.486
0.488
0.491
0.493
0.495
0.498
0.500
0.502
0.502
0.505
0.507
0.509
0.512
0.514
0.516
0.519
0.521
0.523
0.526
0.528
0.530
0.533
0.535
0.537
0.540
0.542
0.544
0.547
0.549
0.551
0.553
0.556
0.558
0.560
0.563
0.565
0.567
0.570
0.572
0.574
0.577
0.579
0.581
0.584
0.586
0.588
0.591
0.593
0.593
0.595
0.598
0.600
0.602
0.605
0.607
0.609
0.612
0.614
0.616
0.619
0.621
0.623
0.626
0.628
0.630
0.633
0.635
0.637
0.640
0.642
0.644
0.647
0.649
0.651
0.653
0.656
0.656
0.658
0.660
0.663
0.665
0.667
0.670
0.672
0.674
0.677
0.679
0.681
0.684
0.686
0.688
0.691
0.693
0.695
0.698
0.700
0.702
0.705
0.705
0.707
0.709
0.712
0.714
0.716
0.719
0.721
0.723
0.726
0.728
0.730
0.733
0.735
0.737
0.737
0.740
0.742
0.744
0.747
0.749
0.751
0.753
0.756
0.758
0.760
0.763
0.765
0.767
0.770
0.772
0.774
0.777
0.779
0.781
0.784
0.784
0.786
0.788
0.791
0.793
0.795
0.798
0.798
0.800
0.802
0.805
0.807
0.809
0.812
0.814
0.816
0.819
0.821
0.823
0.826
0.828
0.828
0.830
0.830
0.833
0.835
0.837
0.840
0.842
0.844
0.847
0.849
0.851
0.853
0.856
0.858
0.860
0.863
0.863
0.865
0.867
0.870
0.870
0.872
0.874
0.877
0.879
0.881
0.884
0.886
0.886
0.886
0.886
0.888
0.888
0.891
0.893
0.895
0.898
0.900
0.902
0.902
0.905
0.907
0.907
0.907
0.909
0.909
0.912
0.914
0.914
0.914
0.914
0.914
0.916
0.919
0.921
0.921
0.923
0.926
0.926
0.928
0.930
0.933
0.933
0.935
0.935
0.937
0.940
0.940
0.942
0.942
0.942
0.942
0.942
0.942
0.944
0.944
0.944
0.944
0.944
0.944
0.944
0.944
0.944
0.947
0.947
0.947
0.949
0.951
0.951
0.951
0.951
0.951
0.951
0.951
0.951
0.953
0.953
0.953
0.956
0.956
0.956
0.956
0.956
0.956
0.958
0.958
0.958
0.958
0.958
0.958
0.958
0.958
0.958
0.960
0.960
0.960
0.960
0.960
0.963
0.963
0.963
0.963
0.963
0.963
0.963
0.963
0.963
0.963
0.963
0.963
0.963
0.963
0.965
0.965
0.967
0.967
0.967
0.967
0.967
0.967
0.967
0.967
0.967
0.967
0.967
0.967
0.970
0.970
0.970
0.970
0.970
0.970
0.970
0.970
0.970
0.970
0.970
0.970
0.970
0.970
0.970
0.970
0.970
0.970
0.972
0.972
0.972
0.972
0.972
0.972
0.972
0.972
0.972
0.972
0.972
0.972
0.972
0.972
0.972
0.972
0.972
0.972
0.972
0.972
0.972
0.972
0.972
0.972
0.972
0.972
0.972
0.972
0.972
0.972
0.972
0.972
0.972
0.972
0.974
0.974
0.974
0.974
0.974
0.974
0.974
0.974
0.974
0.974
0.977
0.979
0.979
0.981
0.981
0.981
0.981
0.981
0.981
0.981
0.981
0.981
0.981
0.981
0.981
0.981
0.981
0.981
0.981
0.981
0.981
0.981
0.981
0.981
0.981
0.981
0.981
0.984
0.984
0.984
0.984
0.984
0.984
0.984
0.984
0.984
0.984
0.984
0.984
0.984
0.984
0.984
0.984
0.984
0.984
0.984
0.984
0.984
0.984
0.984
0.984
0.984
0.984
0.984
0.984
0.984
0.984
0.984
0.984
0.984
0.984
0.984
0.984
0.984
0.984
0.984
0.984
0.984
0.984
0.984
0.984
0.984
0.984
0.984
0.984
0.984
0.984
0.984
0.984
0.986
0.986
0.986
0.986
0.986
0.986
0.986
0.986
0.986
0.986
0.986
0.986
0.986
0.986
0.986
0.986
0.986
0.986
0.986
0.988
0.988
0.988
0.988
0.988
0.988
0.988
0.988
0.988
0.988
0.988
0.988
0.988
0.988
0.988
0.988
0.988
0.988
0.988
0.988
0.988
0.988
0.988
0.988
0.988
0.988
0.988
0.988
0.988
0.988
0.988
0.988
0.988
0.988
0.988
0.988
0.988
0.988
0.988
0.988
0.991
0.991
0.991
0.991
0.991
0.991
0.991
0.991
0.991
0.991
0.991
0.991
0.991
0.991
0.991
0.991
0.991
0.991
0.991
0.991
0.991
0.991
0.991
0.991
0.991
0.991
0.991
0.991
0.991
0.991
0.991
0.991
0.991
0.991
0.991
0.991
0.991
0.991
0.991
0.991
0.991
0.991
0.991
0.991
0.991
0.991
0.991
0.991
0.991
0.991
0.991
0.991
0.991
0.991
0.991
0.991
0.991
0.991
0.991
0.991
0.991
0.991
0.991
0.991
0.991
0.991
0.991
0.991
0.991
0.991
0.991
0.991
0.991
0.991
0.991
0.991
0.991
0.991
0.991
0.991
0.991
0.991
0.991
0.991
0.991
0.991
0.991
0.991
0.991
0.991
0.991
0.991
0.991
0.991
0.991
0.991
0.991
0.991
0.991
0.991
0.991
0.991
0.991
0.991
0.991
0.991
0.991
0.991
0.991
0.991
0.991
0.991
0.991
0.991
0.991
0.991
0.991
0.991
0.991
0.991
0.991
0.991
0.991
0.991
0.991
0.991
0.991
0.991
0.991
0.991
0.991
0.991
0.991
0.991
0.991
0.991
0.991
0.991
0.991
0.991
0.991
0.991
0.991
0.991
0.991
0.991
0.991
0.991
0.991
0.991
0.991
0.991
0.991
0.991
0.991
0.991
0.991
0.991
0.991
0.991
0.991
0.991
0.991
0.991
0.991
0.991
0.991
0.991
0.991
0.991
0.991
0.991
0.991
0.991
0.991
0.991
0.991
0.991
0.991
0.991
0.991
0.991
0.991
0.991
0.991
0.991
0.991
0.991
0.991
0.991
0.991
0.991
0.991
0.991
0.991
0.991
0.991
0.991
0.991
0.991
0.991
0.991
0.991
0.991
0.991
0.991
0.991
0.991
0.991
0.991
0.991
0.991
0.991
0.991
0.991
0.991
0.991
0.991
0.991
0.991
0.991
0.991
0.991
0.991
0.991
0.991
0.991
0.991
0.991
0.991
0.991
0.991
0.991
0.991
0.991
0.991
0.991
0.991
0.991
0.991
0.991
0.991
0.991
0.991
0.991
0.991
0.991
0.991
0.991
0.991
0.991
0.991
0.991
0.991
0.991
0.991
0.991
0.991
0.991
0.991
0.991
0.991
0.991
0.991
0.991
0.991
0.991
0.991
0.991
0.991
0.991
0.991
0.991
0.991
0.991
0.991
0.991
0.991
0.991
0.991
0.991
0.991
0.991
0.991
0.991
0.991
0.991
0.991
0.991
0.991
0.991
0.991
0.991
0.991
0.991
0.991
0.991
0.991
0.991
0.991
0.991
0.991
0.991
0.991
0.991
0.991
0.991
0.991
0.991
0.991
0.991
0.991
0.991
0.991
0.991
0.991
0.991
0.991
0.991
0.991
0.991
0.991
0.991
0.991
0.991
0.991
0.991
0.991
0.991
0.991
0.991
0.991
0.991
0.991
0.991
0.991
0.991
0.991
0.991
0.991
0.991
0.991
0.991
0.991
0.991
0.991
0.991
0.991
0.991
0.991
0.991
0.991
0.991
0.991
0.991
0.991
0.991
0.991
0.991
0.991
0.991
0.991
0.991
0.991
0.991
0.991
0.991
0.991
0.991
0.991
0.991
0.991
0.991
0.991
0.991
0.991
0.991
0.991
0.991
0.991
0.991
0.991
0.991
0.991
0.991
0.991
0.991
0.991
