0.003
0.006
0.009
0.012
0.015
0.019
0.022
0.025
0.028
0.031
0.034
0.037
0.040
0.043
0.046
0.050
0.053
0.056
0.059
0.062
0.065
0.068
0.071
0.074
0.077
0.080
0.084
0.087
0.090
0.093
0.096
0.099
0.102
0.105
0.108
0.111
0.115
0.118
0.121
0.124
0.127
0.130
0.133
0.136
0.139
0.142
0.146
0.149
0.152
0.155
0.158
0.161
0.164
0.167
0.170
0.173
0.176
0.180
0.183
0.186
0.189
0.192
0.195
0.198
0.201
0.204
0.207
0.211
0.214
0.217
0.220
0.223
0.226
0.229
0.232
0.235
0.238
0.241
0.245
0.248
0.251
0.254
0.257
0.260
0.263
0.266
0.269
0.272
0.276
0.279
0.282
0.285
0.288
0.291
0.294
0.297
0.300
0.303
0.307
0.310
0.313
0.316
0.319
0.322
0.325
0.328
0.331
0.334
0.337
0.341
0.344
0.347
0.350
0.353
0.356
0.356
0.359
0.362
0.365
0.368
0.372
0.375
0.378
0.381
0.384
0.387
0.390
0.393
0.396
0.399
0.402
0.406
0.409
0.412
0.415
0.418
0.421
0.424
0.427
0.430
0.433
0.437
0.440
0.443
0.446
0.449
0.452
0.455
0.458
0.461
0.464
0.467
0.471
0.474
0.477
0.480
0.483
0.486
0.489
0.492
0.495
0.498
0.502
0.505
0.508
0.511
0.514
0.517
0.520
0.523
0.526
0.529
0.533
0.536
0.539
0.542
0.545
0.548
0.551
0.554
0.557
0.560
0.563
0.567
0.570
0.573
0.576
0.579
0.582
0.585
0.588
0.591
0.594
0.598
0.601
0.604
0.607
0.610
0.613
0.616
0.619
0.622
0.625
0.628
0.632
0.635
0.638
0.641
0.644
0.647
0.650
0.653
0.656
0.659
0.663
0.666
0.669
0.672
0.675
0.678
0.681
0.684
0.687
0.690
0.693
0.697
0.700
0.703
0.706
0.709
0.712
0.715
0.718
0.718
0.721
0.724
0.728
0.731
0.734
0.737
0.740
0.740
0.743
0.746
0.749
0.752
0.755
0.759
0.762
0.765
0.768
0.771
0.774
0.777
0.780
0.783
0.786
0.789
0.793
0.796
0.796
0.796
0.796
0.799
0.802
0.805
0.805
0.808
0.808
0.811
0.814
0.817
0.820
0.820
0.824
0.827
0.830
0.833
0.836
0.836
0.836
0.839
0.842
0.842
0.842
0.845
0.848
0.851
0.851
0.854
0.858
0.861
0.861
0.864
0.864
0.864
0.864
0.867
0.870
0.873
0.876
0.876
0.876
0.879
0.882
0.885
0.885
0.889
0.892
0.895
0.895
0.898
0.901
0.901
0.901
0.904
0.907
0.907
0.907
0.907
0.910
0.913
0.913
0.913
0.913
0.913
0.913
0.916
0.916
0.920
0.923
0.923
0.923
0.926
0.926
0.926
0.926
0.926
0.926
0.926
0.926
0.929
0.929
0.929
0.929
0.932
0.932
0.935
0.938
0.938
0.938
0.941
0.941
0.941
0.941
0.941
0.941
0.941
0.941
0.944
0.944
0.944
0.944
0.944
0.944
0.944
0.944
0.944
0.944
0.944
0.944
0.944
0.944
0.947
0.947
0.947
0.947
0.947
0.947
0.947
0.947
0.950
0.950
0.950
0.950
0.950
0.950
0.950
0.950
0.950
0.950
0.950
0.950
0.950
0.950
0.954
0.954
0.954
0.954
0.954
0.954
0.954
0.954
0.954
0.954
0.954
0.954
0.954
0.954
0.954
0.954
0.954
0.954
0.954
0.954
0.957
0.957
0.957
0.957
0.957
0.957
0.957
0.957
0.957
0.957
0.957
0.957
0.957
0.957
0.957
0.957
0.957
0.960
0.960
0.960
0.960
0.960
0.960
0.960
0.960
0.960
0.960
0.960
0.960
0.960
0.960
0.960
0.960
0.960
0.963
0.963
0.963
0.963
0.963
0.963
0.963
0.963
0.963
0.963
0.963
0.963
0.963
0.963
0.963
0.963
0.963
0.963
0.963
0.963
0.963
0.963
0.963
0.963
0.963
0.963
0.963
0.963
0.963
0.963
0.963
0.963
0.963
0.963
0.963
0.963
0.963
0.963
0.963
0.963
0.963
0.966
0.966
0.966
0.966
0.966
0.966
0.966
0.966
0.966
0.969
0.969
0.969
0.969
0.969
0.969
0.969
0.969
0.969
0.969
0.969
0.969
0.969
0.969
0.969
0.969
0.969
0.969
0.969
0.969
0.969
0.969
0.969
0.969
0.969
0.969
0.969
0.969
0.969
0.969
0.969
0.969
0.969
0.969
0.969
0.969
0.969
0.969
0.969
0.969
0.969
0.969
0.969
0.969
0.969
0.969
0.969
0.969
0.969
0.969
0.969
0.972
0.972
0.972
0.972
0.972
0.972
0.972
0.972
0.975
0.975
0.975
0.975
0.975
0.975
0.975
0.975
0.975
0.975
0.975
0.975
0.975
0.975
0.975
0.975
0.975
0.975
0.975
0.975
0.975
0.975
0.975
0.975
0.975
0.975
0.975
0.975
0.975
0.975
0.975
0.975
0.975
0.975
0.975
0.975
0.975
0.975
0.975
0.975
0.975
0.975
0.975
0.975
0.975
0.975
0.975
0.975
0.975
0.975
0.975
0.975
0.975
0.975
0.975
0.975
0.975
0.975
0.975
0.975
0.975
0.975
0.975
0.975
0.975
0.975
0.975
0.975
0.975
0.975
0.975
0.975
0.975
0.975
0.975
0.975
0.975
0.975
0.975
0.975
0.975
0.975
0.975
0.975
0.975
0.975
0.975
0.975
0.975
0.975
0.975
0.975
0.975
0.975
0.975
0.975
0.975
0.975
0.975
0.975
0.975
0.975
0.975
0.975
0.975
0.975
0.975
0.975
0.975
0.975
0.975
0.975
0.975
0.975
0.975
0.975
0.975
0.975
0.975
0.975
0.975
0.975
0.975
0.975
0.975
0.975
0.975
0.975
0.975
0.975
0.975
0.975
0.975
0.975
0.975
0.975
0.975
0.975
0.975
0.975
0.975
0.975
0.975
0.975
0.975
0.975
0.975
0.975
0.975
0.975
0.975
0.975
0.975
0.975
0.975
0.975
0.975
0.975
0.975
0.975
0.975
0.975
0.975
0.978
0.978
0.978
0.978
0.978
0.978
0.978
0.978
0.978
0.978
0.978
0.978
0.978
0.978
0.978
0.978
0.978
0.978
0.978
0.978
0.978
0.978
0.978
0.978
0.978
0.978
0.978
0.978
0.978
0.978
0.978
0.978
0.978
0.978
0.978
0.978
0.978
0.978
0.978
0.978
0.978
0.978
0.978
0.978
0.978
0.978
0.978
0.978
0.978
0.978
0.978
0.978
0.978
0.978
0.978
0.978
