0.009
0.018
0.027
0.036
0.045
0.054
0.062
0.071
0.080
0.089
0.098
0.107
0.116
0.125
0.134
0.143
0.152
0.161
0.170
0.179
0.188
0.196
0.205
0.214
0.223
0.232
0.241
0.250
0.259
0.268
0.277
0.286
0.295
0.304
0.312
0.321
0.330
0.339
0.348
0.357
0.366
0.375
0.384
0.393
0.402
0.411
0.420
0.429
0.438
0.446
0.455
0.464
0.473
0.482
0.491
0.500
0.509
0.518
0.527
0.536
0.545
0.554
0.562
0.571
0.580
0.589
0.598
0.598
0.607
0.616
0.625
0.634
0.643
0.652
0.661
0.670
0.679
0.688
0.688
0.696
0.705
0.714
0.714
0.723
0.732
0.741
0.750
0.759
0.768
0.777
0.786
0.786
0.795
0.795
0.795
0.804
0.812
0.812
0.821
0.830
0.830
0.839
0.848
0.848
0.857
0.866
0.866
0.866
0.866
0.875
0.884
0.893
0.893
0.893
0.893
0.893
0.893
0.893
0.902
0.902
0.902
0.902
0.902
0.902
0.902
0.902
0.902
0.902
0.902
0.902
0.902
0.902
0.902
0.902
0.902
0.902
0.902
0.902
0.902
0.902
0.911
0.911
0.911
0.911
0.911
0.911
0.911
0.911
0.911
0.911
0.911
0.911
0.911
0.911
0.911
0.911
0.911
0.911
0.911
0.911
0.911
0.911
0.911
0.911
0.911
0.911
0.911
0.911
0.911
0.911
0.911
0.911
0.911
0.911
0.911
0.911
0.911
0.911
0.911
0.911
0.911
0.911
0.911
0.911
0.911
0.911
0.911
0.911
0.911
0.911
0.911
0.911
0.911
0.911
0.911
0.911
0.920
0.920
0.920
0.920
0.920
0.920
0.920
0.920
0.920
0.920
0.920
0.920
0.920
0.920
0.920
0.920
0.920
0.920
0.920
0.920
0.920
0.920
0.920
0.920
0.920
0.920
0.920
0.920
0.920
0.920
0.920
0.920
0.920
0.920
0.920
0.920
0.920
0.920
0.920
0.920
0.920
0.920
0.920
0.920
0.920
0.920
0.920
0.920
0.920
0.920
0.920
0.920
0.920
0.920
0.920
0.920
0.920
0.920
0.920
0.920
0.920
0.920
0.920
0.920
0.920
0.920
0.920
0.920
0.920
0.920
0.920
0.920
0.920
0.920
0.920
0.920
0.920
0.920
0.920
0.920
0.920
0.920
0.920
0.920
0.920
0.929
0.929
0.929
0.929
0.929
0.929
0.929
0.929
0.929
0.929
0.929
0.929
0.929
0.929
0.929
0.929
0.929
0.929
0.929
0.929
0.929
0.929
0.929
0.929
0.929
0.929
0.929
0.929
0.929
0.929
0.929
0.929
0.929
0.929
0.929
0.929
0.929
0.929
0.929
0.929
0.929
0.929
0.929
0.929
0.929
0.929
0.929
0.929
0.929
0.929
0.929
0.929
0.929
0.929
0.938
0.938
0.938
0.938
0.938
0.938
0.938
0.938
0.938
0.938
0.938
0.938
0.938
0.938
0.938
0.938
0.938
0.938
0.938
0.938
0.938
0.938
0.938
0.938
0.938
0.938
0.938
0.938
0.938
0.938
0.938
0.938
0.938
0.938
0.938
0.938
0.938
0.938
0.938
0.938
0.938
0.938
0.938
0.938
0.938
0.938
0.938
0.938
0.938
0.938
0.938
0.938
0.938
0.938
0.938
0.938
0.938
0.938
0.938
0.938
