0.006
0.011
0.017
0.022
0.028
0.033
0.039
0.044
0.050
0.055
0.061
0.066
0.072
0.077
0.083
0.088
0.094
0.099
0.105
0.110
0.116
0.122
0.127
0.133
0.138
0.144
0.149
0.155
0.160
0.166
0.171
0.177
0.182
0.188
0.193
0.199
0.204
0.210
0.215
0.221
0.227
0.232
0.238
0.243
0.249
0.254
0.260
0.265
0.271
0.276
0.282
0.287
0.293
0.298
0.304
0.309
0.315
0.320
0.326
0.331
0.337
0.343
0.348
0.354
0.359
0.365
0.370
0.376
0.381
0.387
0.392
0.398
0.403
0.409
0.414
0.420
0.425
0.431
0.436
0.442
0.448
0.453
0.459
0.464
0.470
0.475
0.481
0.486
0.492
0.497
0.503
0.508
0.514
0.519
0.525
0.530
0.536
0.541
0.547
0.552
0.558
0.564
0.569
0.575
0.580
0.586
0.591
0.597
0.602
0.608
0.613
0.619
0.624
0.630
0.635
0.641
0.646
0.652
0.657
0.663
0.669
0.674
0.680
0.685
0.691
0.696
0.702
0.707
0.713
0.718
0.724
0.729
0.735
0.740
0.746
0.751
0.757
0.762
0.768
0.773
0.779
0.785
0.790
0.796
0.801
0.807
0.812
0.818
0.823
0.829
0.834
0.840
0.845
0.851
0.856
0.862
0.867
0.873
0.878
0.884
0.890
0.895
0.901
0.906
0.912
0.917
0.923
0.923
0.928
0.928
0.934
0.939
0.939
0.939
0.939
0.945
0.945
0.950
0.950
0.950
0.956
0.961
0.961
0.961
0.961
0.961
0.967
0.972
0.972
0.972
0.972
0.972
0.972
0.972
0.972
0.972
0.972
0.978
0.978
0.978
0.978
0.978
0.978
0.978
0.978
0.978
0.978
0.978
0.978
0.978
0.978
0.978
0.978
0.978
0.978
0.978
0.978
0.978
0.978
0.978
0.978
0.978
0.978
0.978
0.978
0.978
0.978
0.978
0.983
0.983
0.983
0.983
0.983
0.983
0.983
0.983
0.983
0.983
0.983
0.983
0.983
0.983
0.983
0.983
0.983
0.983
0.983
0.983
0.983
0.983
0.983
0.983
0.983
0.983
0.983
0.983
0.983
0.983
0.983
0.983
0.983
0.983
0.983
0.983
0.983
0.983
0.983
0.983
0.983
0.983
0.983
0.983
0.983
0.983
0.983
0.983
0.983
0.983
0.983
0.983
0.983
0.983
0.983
0.983
0.983
0.983
0.983
0.983
0.983
0.983
0.983
0.983
0.983
0.983
0.983
0.983
0.983
0.983
0.983
0.983
0.983
0.983
0.983
0.983
0.983
0.983
0.983
0.983
0.983
0.983
0.983
0.983
0.983
0.983
0.983
0.983
0.983
0.983
0.983
0.983
0.983
0.983
0.983
0.983
0.983
0.983
0.983
0.983
0.983
0.983
0.983
0.983
0.983
0.983
0.983
0.983
0.983
0.983
0.983
0.983
0.983
0.983
0.983
0.983
0.983
0.983
0.983
0.983
0.983
0.983
0.983
0.983
0.983
0.983
0.983
0.983
0.983
0.983
0.983
0.983
0.983
0.983
0.983
0.983
0.983
0.983
0.983
0.983
0.983
0.983
0.983
0.983
0.983
0.983
0.983
0.983
0.983
0.983
0.983
0.983
0.983
0.983
0.983
0.983
0.983
0.983
0.983
0.983
0.983
0.983
0.983
0.983
0.983
0.983
0.983
0.983
0.983
0.983
0.983
0.983
0.983
0.983
0.983
0.983
0.983
0.983
0.989
0.989
0.989
0.989
0.989
0.989
0.989
0.989
0.989
0.989
0.989
0.989
0.989
0.989
0.989
0.989
