0.003
0.005
0.008
0.010
0.013
0.015
0.018
0.021
0.023
0.026
0.028
0.031
0.033
0.036
0.039
0.041
0.044
0.046
0.049
0.051
0.051
0.054
0.057
0.057
0.059
0.062
0.064
0.067
0.069
0.072
0.075
0.077
0.080
0.082
0.085
0.087
0.090
0.093
0.095
0.098
0.100
0.103
0.105
0.108
0.111
0.113
0.116
0.118
0.121
0.123
0.126
0.129
0.131
0.134
0.136
0.139
0.141
0.144
0.147
0.149
0.152
0.154
0.157
0.159
0.162
0.165
0.167
0.170
0.172
0.175
0.177
0.180
0.183
0.185
0.188
0.190
0.193
0.195
0.195
0.198
0.201
0.203
0.206
0.208
0.211
0.213
0.216
0.219
0.221
0.224
0.226
0.229
0.231
0.234
0.237
0.239
0.242
0.244
0.247
0.249
0.252
0.254
0.257
0.260
0.262
0.265
0.267
0.270
0.272
0.275
0.278
0.280
0.283
0.285
0.288
0.290
0.293
0.296
0.298
0.301
0.303
0.306
0.308
0.311
0.314
0.316
0.319
0.321
0.324
0.326
0.329
0.332
0.334
0.337
0.339
0.342
0.344
0.347
0.350
0.352
0.355
0.357
0.360
0.362
0.365
0.368
0.370
0.373
0.375
0.378
0.380
0.383
0.386
0.388
0.388
0.391
0.393
0.396
0.398
0.401
0.404
0.406
0.409
0.411
0.414
0.416
0.419
0.422
0.424
0.424
0.424
0.427
0.429
0.432
0.434
0.437
0.440
0.442
0.445
0.447
0.450
0.452
0.455
0.458
0.460
0.463
0.465
0.468
0.470
0.473
0.476
0.478
0.481
0.481
0.483
0.486
0.488
0.491
0.494
0.496
0.499
0.501
0.504
0.506
0.509
0.512
0.514
0.517
0.519
0.522
0.522
0.524
0.527
0.530
0.532
0.535
0.537
0.540
0.542
0.545
0.548
0.550
0.553
0.555
0.558
0.560
0.563
0.566
0.568
0.571
0.573
0.576
0.578
0.581
0.584
0.586
0.589
0.591
0.594
0.596
0.599
0.602
0.604
0.604
0.607
0.609
0.609
0.612
0.614
0.617
0.620
0.622
0.625
0.625
0.627
0.627
0.627
0.627
0.630
0.632
0.635
0.635
0.638
0.640
0.643
0.645
0.648
0.648
0.650
0.653
0.656
0.658
0.661
0.663
0.666
0.668
0.671
0.674
0.676
0.679
0.681
0.684
0.686
0.689
0.692
0.694
0.697
0.699
0.702
0.704
0.707
0.710
0.712
0.715
0.717
0.720
0.722
0.722
0.725
0.728
0.730
0.733
0.735
0.738
0.738
0.740
0.740
0.740
0.743
0.746
0.748
0.748
0.751
0.753
0.756
0.758
0.761
0.763
0.766
0.769
0.771
0.771
0.774
0.776
0.779
0.781
0.784
0.787
0.789
0.792
0.794
0.794
0.797
0.797
0.799
0.802
0.805
0.807
0.810
0.812
0.812
0.815
0.817
0.817
0.820
0.823
0.825
0.828
0.830
0.833
0.833
0.835
0.838
0.838
0.841
0.841
0.843
0.846
0.848
0.848
0.848
0.851
0.851
0.853
0.856
0.856
0.856
0.859
0.859
0.861
0.864
0.866
0.866
0.866
0.869
0.869
0.871
0.871
0.874
0.874
0.874
0.874
0.874
0.874
0.874
0.874
0.874
0.874
0.877
0.879
0.879
0.879
0.879
0.879
0.882
0.884
0.884
0.884
0.884
0.884
0.884
0.884
0.887
0.887
0.887
0.889
0.889
0.889
0.889
0.892
0.895
0.895
0.895
0.895
0.895
0.897
0.900
0.900
0.900
0.902
0.902
0.902
0.902
0.902
0.902
0.902
0.902
0.902
0.902
0.902
0.902
0.902
0.902
0.902
0.902
0.902
0.905
0.907
0.907
0.907
0.907
0.907
0.907
0.907
0.907
0.907
0.907
0.907
0.907
0.910
0.910
0.913
0.913
0.913
0.913
0.913
0.913
0.913
0.913
0.913
0.913
0.913
0.913
0.915
0.915
0.915
0.915
0.915
0.918
0.918
0.920
0.920
0.920
0.920
0.920
0.923
0.923
0.923
0.923
0.925
0.925
0.925
0.925
0.925
0.925
0.925
0.925
0.925
0.925
0.925
0.925
0.925
0.925
0.925
0.925
0.925
0.925
0.928
0.928
0.928
0.928
0.928
0.928
0.928
0.928
0.928
0.928
0.928
0.928
0.928
0.931
0.931
0.931
0.931
0.931
0.933
0.933
0.933
0.933
0.933
0.936
0.936
0.936
0.936
0.936
0.938
0.938
0.938
0.938
0.938
0.938
0.938
0.938
0.938
0.938
0.938
0.938
0.938
0.938
0.938
0.938
0.938
0.938
0.938
0.938
0.938
0.938
0.938
0.938
0.938
0.938
0.938
0.938
0.938
0.941
0.941
0.941
0.941
0.941
0.941
0.941
0.941
0.941
0.941
0.941
0.941
0.941
0.941
0.941
0.941
0.941
0.941
0.941
0.941
0.941
0.941
0.941
0.941
0.941
0.941
0.941
0.941
0.941
0.941
0.941
0.941
0.941
0.941
0.941
0.941
0.941
0.941
0.941
0.941
0.941
0.941
0.941
0.941
0.941
0.941
0.941
0.941
0.941
0.941
0.941
0.941
0.941
0.941
0.941
0.941
0.941
0.941
0.941
0.941
0.941
0.941
0.941
0.941
0.941
0.941
0.941
0.941
0.941
0.941
0.941
0.941
0.941
0.941
0.941
0.941
0.941
0.941
0.941
0.941
0.941
0.941
0.941
0.941
0.941
0.943
0.943
0.943
0.943
0.943
0.943
0.943
0.943
0.943
0.943
0.943
0.943
0.943
0.943
0.943
0.943
0.943
0.943
0.943
0.943
0.943
0.943
0.943
0.943
0.943
0.943
0.943
0.943
0.943
0.943
0.943
0.943
0.943
0.943
0.943
0.943
0.943
0.943
0.943
0.943
0.943
0.943
0.943
0.943
0.943
0.943
0.943
0.943
0.943
0.943
0.943
0.943
0.943
0.943
0.943
0.943
0.943
0.943
0.943
0.943
0.943
0.943
0.943
0.943
0.943
0.943
0.943
0.943
0.943
0.943
0.943
0.943
0.943
0.943
0.943
0.943
0.943
0.943
0.943
0.943
0.943
0.943
0.943
0.943
0.943
0.943
0.943
0.943
0.943
0.943
0.943
0.943
0.943
0.943
0.943
0.943
0.943
0.943
0.943
0.943
0.943
0.943
0.943
0.943
0.943
0.946
0.946
0.946
0.946
0.946
0.946
0.946
0.946
0.946
0.946
0.946
0.946
0.946
0.946
0.946
0.946
0.946
0.946
0.946
0.946
0.946
0.946
0.946
0.946
0.946
0.946
0.946
0.946
0.946
0.946
0.946
0.946
0.946
0.946
0.946
0.946
0.946
0.946
0.946
0.946
0.946
0.946
0.946
0.946
0.946
0.946
0.946
0.946
0.946
0.946
0.946
0.946
0.946
0.946
0.946
0.946
0.946
0.946
0.946
0.946
0.946
0.946
0.946
0.946
0.946
0.946
0.946
0.946
0.946
0.946
0.946
0.946
0.949
0.949
0.949
0.949
0.949
0.949
0.949
0.949
0.949
0.949
0.949
0.949
0.949
0.949
0.949
0.949
0.949
0.949
0.949
0.949
0.949
0.949
0.949
0.949
0.949
0.949
0.949
0.949
0.949
0.949
0.949
0.949
0.949
0.949
0.949
0.949
0.949
0.949
0.949
0.949
0.949
0.949
0.949
0.949
0.949
0.949
0.949
0.949
0.949
0.949
0.949
0.949
0.949
0.949
0.949
0.949
0.949
0.949
0.949
0.949
0.949
0.949
0.949
0.949
0.949
0.949
0.949
0.949
0.949
0.949
0.949
0.949
0.949
0.949
0.949
0.949
0.949
0.949
0.949
0.949
0.949
0.949
0.949
0.949
0.949
0.949
0.949
0.949
0.949
0.949
0.949
0.949
0.949
0.949
0.949
0.949
0.949
0.949
0.949
0.949
0.949
0.949
0.949
0.949
0.949
0.949
0.949
0.949
0.949
0.949
0.949
0.949
0.949
0.949
0.949
0.949
0.949
0.949
0.949
0.949
0.949
0.949
0.949
0.949
0.949
0.949
0.949
0.949
0.949
0.949
0.949
0.949
0.949
0.949
0.949
0.949
0.949
0.949
0.949
0.949
0.949
0.949
0.949
0.949
0.949
0.949
0.949
0.949
0.949
0.949
0.949
0.949
0.949
0.949
0.949
0.949
0.949
0.949
0.949
0.949
0.949
0.949
0.949
0.949
0.949
0.949
0.949
0.949
0.949
0.949
0.949
0.949
0.949
0.949
0.949
0.949
0.949
0.949
0.949
0.949
0.951
0.951
0.951
0.951
0.951
0.951
0.951
0.951
0.951
0.951
0.951
0.951
0.951
0.951
0.951
0.951
0.951
0.951
0.951
0.951
0.951
0.951
0.951
0.951
0.951
0.951
0.951
0.951
0.951
0.951
0.951
0.951
0.951
0.951
0.951
0.951
0.951
0.951
0.951
0.951
0.951
0.951
0.951
0.951
0.951
0.951
0.951
0.951
0.951
0.951
0.951
0.951
0.951
0.951
0.951
0.951
0.951
0.951
0.951
0.951
0.951
0.951
0.951
0.951
0.951
0.951
0.951
0.951
0.951
0.951
0.951
0.951
0.951
0.951
0.951
0.951
0.951
0.951
0.951
0.951
0.951
0.951
0.951
0.951
0.951
0.951
0.951
0.951
0.951
0.951
