1.000
1.000
1.000
1.000
1.000
1.000
1.000
1.000
1.000
1.000
1.000
1.000
1.000
1.000
1.000
1.000
1.000
1.000
1.000
1.000
1.000
1.000
1.000
1.000
1.000
1.000
1.000
1.000
1.000
1.000
1.000
1.000
1.000
1.000
1.000
1.000
1.000
1.000
1.000
1.000
1.000
1.000
1.000
1.000
1.000
1.000
1.000
1.000
1.000
1.000
1.000
1.000
1.000
1.000
1.000
1.000
1.000
1.000
1.000
1.000
1.000
1.000
1.000
1.000
1.000
1.000
1.000
0.985
0.986
0.986
0.986
0.986
0.986
0.986
0.987
0.987
0.987
0.987
0.975
0.975
0.975
0.976
0.964
0.964
0.965
0.965
0.966
0.966
0.966
0.967
0.967
0.957
0.957
0.947
0.937
0.938
0.938
0.929
0.929
0.930
0.921
0.922
0.922
0.913
0.914
0.915
0.907
0.898
0.890
0.891
0.892
0.893
0.885
0.877
0.870
0.862
0.855
0.847
0.849
0.842
0.835
0.828
0.821
0.815
0.808
0.802
0.795
0.789
0.783
0.777
0.771
0.765
0.759
0.754
0.748
0.743
0.737
0.732
0.727
0.721
0.723
0.718
0.713
0.708
0.703
0.699
0.694
0.689
0.685
0.680
0.675
0.671
0.667
0.662
0.658
0.654
0.650
0.646
0.642
0.637
0.634
0.630
0.626
0.622
0.618
0.614
0.611
0.607
0.604
0.600
0.596
0.593
0.590
0.586
0.583
0.580
0.576
0.573
0.570
0.567
0.564
0.560
0.557
0.554
0.551
0.548
0.545
0.543
0.540
0.537
0.534
0.531
0.528
0.526
0.523
0.520
0.523
0.520
0.518
0.515
0.512
0.510
0.507
0.505
0.502
0.500
0.498
0.495
0.493
0.490
0.488
0.486
0.484
0.481
0.479
0.477
0.475
0.472
0.470
0.468
0.466
0.464
0.462
0.460
0.458
0.456
0.454
0.452
0.450
0.448
0.446
0.444
0.442
0.440
0.438
0.436
0.435
0.433
0.431
0.429
0.427
0.426
0.424
0.422
0.420
0.419
0.417
0.415
0.414
0.412
0.410
0.409
0.407
0.406
0.404
0.402
0.401
0.399
0.398
0.396
0.395
0.393
0.392
0.390
0.389
0.387
0.386
0.384
0.383
0.381
0.380
0.379
0.377
0.376
0.375
0.373
0.372
0.371
0.369
0.368
0.367
0.369
0.367
0.366
0.365
0.364
0.362
0.361
0.360
0.359
0.357
0.356
0.355
0.354
0.353
0.351
0.350
0.349
0.348
0.347
0.346
0.344
0.343
0.342
0.341
0.340
0.339
0.338
0.337
0.335
0.334
0.333
0.332
0.331
0.330
0.329
0.328
0.327
0.326
0.325
0.324
0.323
0.322
0.321
0.320
0.319
0.318
0.317
0.316
0.315
0.314
0.313
0.312
0.311
0.310
0.312
0.312
0.311
0.310
0.309
0.308
0.307
0.306
0.305
0.304
0.303
0.303
0.302
0.301
0.300
0.299
0.298
0.297
0.297
0.296
0.295
0.294
0.293
0.292
0.292
0.291
0.290
0.289
0.288
0.288
0.287
0.286
0.285
0.285
0.284
0.283
0.282
0.282
0.281
0.280
0.279
0.279
0.278
0.277
0.276
0.276
0.275
0.274
0.273
0.273
0.272
0.271
0.271
0.270
0.269
0.269
0.268
0.267
0.266
0.266
