1.000
1.000
1.000
1.000
1.000
1.000
1.000
1.000
1.000
1.000
1.000
1.000
1.000
1.000
1.000
1.000
1.000
1.000
1.000
1.000
1.000
1.000
1.000
1.000
1.000
1.000
1.000
1.000
1.000
1.000
1.000
1.000
1.000
1.000
1.000
1.000
1.000
1.000
1.000
1.000
1.000
1.000
1.000
1.000
1.000
1.000
1.000
1.000
1.000
1.000
1.000
1.000
1.000
1.000
1.000
1.000
1.000
1.000
1.000
1.000
1.000
1.000
1.000
1.000
1.000
1.000
1.000
1.000
1.000
1.000
1.000
1.000
1.000
1.000
1.000
1.000
1.000
1.000
1.000
1.000
1.000
1.000
1.000
1.000
1.000
1.000
1.000
1.000
1.000
1.000
1.000
1.000
1.000
1.000
1.000
1.000
1.000
1.000
1.000
1.000
1.000
1.000
1.000
1.000
1.000
1.000
1.000
1.000
1.000
1.000
1.000
1.000
1.000
1.000
1.000
1.000
1.000
1.000
1.000
1.000
1.000
1.000
1.000
1.000
1.000
1.000
1.000
1.000
1.000
1.000
1.000
1.000
1.000
1.000
1.000
1.000
1.000
1.000
1.000
1.000
1.000
1.000
1.000
1.000
1.000
1.000
1.000
1.000
1.000
1.000
1.000
1.000
1.000
1.000
1.000
1.000
1.000
1.000
1.000
1.000
1.000
1.000
1.000
1.000
1.000
1.000
1.000
0.994
0.994
0.988
0.988
0.988
0.983
0.977
0.971
0.972
0.966
0.966
0.961
0.956
0.956
0.956
0.951
0.946
0.941
0.935
0.936
0.936
0.931
0.926
0.921
0.917
0.912
0.907
0.903
0.898
0.893
0.894
0.889
0.885
0.881
0.876
0.872
0.868
0.863
0.859
0.855
0.851
0.847
0.843
0.839
0.835
0.831
0.827
0.823
0.819
0.816
0.812
0.808
0.805
0.801
0.797
0.794
0.790
0.787
0.783
0.780
0.776
0.777
0.774
0.771
0.767
0.764
0.761
0.757
0.754
0.751
0.748
0.745
0.742
0.739
0.736
0.733
0.730
0.727
0.724
0.721
0.718
0.715
0.712
0.709
0.706
0.704
0.701
0.698
0.695
0.693
0.690
0.687
0.685
0.682
0.679
0.677
0.674
0.672
0.669
0.667
0.664
0.662
0.659
0.657
0.654
0.652
0.650
0.647
0.645
0.643
0.640
0.638
0.636
0.633
0.631
0.629
0.627
0.625
0.622
0.620
0.618
0.616
0.614
0.612
0.610
0.608
0.605
0.603
0.601
0.599
0.597
0.595
0.593
0.591
0.589
0.587
0.586
0.584
0.582
0.580
0.578
0.576
0.574
0.572
0.571
0.569
0.567
0.565
0.563
0.562
0.560
0.558
0.556
0.555
0.553
0.551
0.549
0.548
0.546
0.544
0.543
0.541
0.539
0.538
0.536
0.535
0.533
0.531
0.530
0.528
0.527
0.525
0.524
0.522
0.520
0.519
0.517
0.516
0.514
0.513
0.511
0.510
0.509
0.507
0.506
0.504
0.503
0.501
0.500
0.499
0.497
0.496
0.494
0.493
0.492
0.490
0.489
0.488
0.486
0.485
0.484
0.482
0.481
0.480
0.478
0.477
0.476
0.475
0.473
0.472
0.471
0.470
0.468
0.467
0.466
0.465
0.464
0.462
0.461
0.460
0.459
0.458
0.456
0.455
0.454
0.453
0.452
0.451
0.449
0.448
0.447
0.446
0.445
0.444
0.443
0.442
0.441
0.440
0.438
0.440
0.439
0.438
0.437
0.436
0.434
0.433
0.432
0.431
0.430
0.429
0.428
0.427
0.426
0.425
0.424
