1.000
1.000
1.000
1.000
1.000
1.000
1.000
1.000
1.000
1.000
1.000
1.000
1.000
1.000
1.000
1.000
1.000
1.000
1.000
1.000
0.952
0.955
0.957
0.917
0.920
0.923
0.926
0.929
0.931
0.933
0.935
0.938
0.939
0.941
0.943
0.944
0.946
0.947
0.949
0.950
0.951
0.952
0.953
0.955
0.956
0.957
0.957
0.958
0.959
0.960
0.961
0.962
0.962
0.963
0.964
0.964
0.965
0.966
0.966
0.967
0.967
0.968
0.968
0.969
0.969
0.970
0.970
0.971
0.971
0.971
0.972
0.972
0.973
0.973
0.973
0.974
0.974
0.974
0.962
0.963
0.963
0.963
0.964
0.964
0.965
0.965
0.966
0.966
0.966
0.967
0.967
0.967
0.968
0.968
0.968
0.969
0.969
0.969
0.970
0.970
0.970
0.971
0.971
0.971
0.971
0.972
0.972
0.972
0.972
0.973
0.973
0.973
0.973
0.974
0.974
0.974
0.974
0.975
0.975
0.975
0.975
0.975
0.976
0.976
0.976
0.976
0.976
0.977
0.977
0.977
0.977
0.977
0.977
0.978
0.978
0.978
0.978
0.978
0.978
0.979
0.979
0.979
0.979
0.979
0.979
0.979
0.980
0.980
0.980
0.980
0.980
0.980
0.980
0.981
0.974
0.974
0.975
0.975
0.975
0.975
0.975
0.975
0.975
0.976
0.976
0.976
0.976
0.976
0.976
0.971
0.965
0.965
0.965
0.966
0.966
0.966
0.966
0.966
0.966
0.967
0.967
0.967
0.967
0.967
0.968
0.968
0.968
0.968
0.968
0.968
0.969
0.969
0.969
0.964
0.964
0.964
0.964
0.965
0.965
0.965
0.965
0.965
0.966
0.966
0.966
0.966
0.966
0.966
0.967
0.967
0.962
0.962
0.962
0.963
0.963
0.963
0.963
0.963
0.963
0.964
0.964
0.964
0.964
0.964
0.964
0.965
0.965
0.965
0.965
0.965
0.965
0.966
0.966
0.966
0.966
0.966
0.966
0.966
0.967
0.967
0.967
0.967
0.967
0.963
0.963
0.963
0.960
0.960
0.960
0.960
0.960
0.960
0.960
0.957
0.957
0.953
0.949
0.946
0.946
0.946
0.946
0.943
0.943
0.943
0.943
0.944
0.944
0.940
0.941
0.941
0.941
0.941
0.941
0.942
0.942
0.942
0.942
0.942
0.943
0.943
0.943
0.943
0.943
0.944
0.944
0.944
0.944
0.944
0.945
0.945
0.945
0.945
0.945
0.946
0.946
0.946
0.946
0.943
0.943
0.943
0.944
0.944
0.944
0.944
0.941
0.941
0.938
0.935
0.935
0.935
0.936
0.933
0.933
0.933
0.933
0.934
0.934
0.934
0.934
0.934
0.935
0.932
0.932
0.932
0.932
0.933
0.933
0.933
0.933
0.933
0.934
0.931
0.931
0.928
0.928
0.929
0.929
0.929
0.929
0.929
0.927
0.927
0.927
0.924
0.925
0.925
0.925
0.925
0.926
0.926
0.923
0.923
0.924
0.921
0.921
0.919
0.919
0.919
0.919
0.917
0.914
0.914
0.912
0.912
0.912
0.910
0.907
0.908
0.905
0.905
0.906
0.906
0.903
0.901
0.901
0.899
0.899
0.897
0.897
0.895
0.892
0.890
0.888
0.885
0.883
0.881
0.879
0.876
0.877
0.877
0.875
0.872
0.870
0.868
0.868
0.869
0.866
0.864
0.862
0.860
0.858
0.856
0.856
0.854
0.852
0.852
0.850
0.848
0.846
0.846
0.847
0.845
0.843
0.841
0.839
0.839
0.839
0.837
0.835
0.836
0.834
0.832
0.830
0.828
0.826
0.824
0.822
0.820
0.818
0.816
0.814
0.812
0.811
0.809
0.807
0.805
0.805
0.806
0.804
0.802
0.800
0.799
0.797
0.795
0.793
0.791
0.790
0.788
0.786
0.787
0.785
0.785
0.784
0.782
0.780
0.779
0.777
0.775
0.773
0.772
0.770
0.768
0.767
0.767
0.766
0.764
0.762
0.761
0.761
0.760
0.760
0.758
0.757
0.755
0.754
0.754
0.753
0.751
0.749
0.750
0.748
0.747
0.745
0.744
0.742
0.741
0.739
0.738
0.736
0.735
0.733
0.732
0.730
0.729
0.727
0.726
0.724
0.725
0.723
0.722
0.721
0.719
0.718
0.716
0.715
0.713
0.712
0.711
0.709
0.708
0.708
0.707
0.706
0.704
0.703
0.703
0.702
0.701
0.699
0.698
0.699
0.697
0.696
0.695
0.693
0.694
0.693
0.691
0.690
0.689
0.687
0.686
0.685
0.684
0.682
0.681
0.680
0.678
0.677
0.676
0.675
0.673
0.672
0.671
0.670
0.668
0.667
0.666
0.665
0.664
0.662
0.661
0.660
0.659
0.659
0.658
0.657
0.656
0.655
0.654
0.652
0.651
0.650
0.649
0.648
0.647
0.646
0.644
0.643
0.642
0.641
0.640
0.639
0.638
0.637
0.635
0.634
0.633
0.632
0.631
0.630
0.629
0.628
0.627
0.626
0.625
0.624
0.622
0.621
0.620
0.619
0.618
0.617
0.616
0.615
0.614
0.613
0.612
0.611
0.610
0.609
0.608
0.607
0.606
0.605
0.604
0.603
0.602
0.601
0.600
0.599
0.598
0.597
0.596
0.595
0.594
0.593
0.592
0.591
0.590
0.589
0.588
0.587
0.587
0.586
0.585
0.584
0.583
0.582
0.581
0.580
0.579
0.578
0.577
0.576
0.575
0.575
0.574
0.573
0.573
0.573
0.572
0.571
0.570
0.569
0.568
0.567
0.566
0.565
0.565
0.564
0.563
0.562
0.561
0.560
0.559
0.559
0.558
0.557
0.556
0.555
0.554
0.554
0.553
0.552
0.551
0.550
0.549
0.549
0.548
0.547
0.546
0.545
0.545
0.544
0.543
0.542
0.541
0.541
0.540
0.539
0.538
0.537
0.537
0.536
0.535
0.534
0.533
0.533
0.532
0.531
0.530
0.530
0.529
0.528
0.527
0.527
0.526
0.525
0.524
0.524
0.523
0.522
0.521
0.521
0.520
0.519
0.518
0.518
0.517
0.516
0.515
0.515
0.514
0.513
0.513
0.512
0.511
0.510
0.510
0.509
0.508
0.508
0.507
0.506
0.506
0.505
0.504
0.503
0.503
0.502
0.501
0.501
0.500
0.499
0.499
0.498
0.497
0.497
0.496
0.495
0.495
0.494
0.493
0.494
0.493
0.493
0.492
0.491
0.491
0.490
0.489
0.489
0.488
0.487
0.487
0.486
0.485
0.485
0.484
0.484
0.483
0.482
0.482
0.481
0.480
0.480
0.479
0.479
0.478
0.477
0.477
0.476
0.475
0.475
0.474
0.474
0.473
0.472
0.472
0.471
0.471
0.470
0.469
0.469
0.468
0.468
0.467
0.466
0.466
0.465
0.465
0.464
0.463
0.463
0.462
0.462
0.461
0.461
0.460
0.459
0.459
0.458
0.458
0.457
0.457
0.456
0.455
0.455
0.454
0.454
0.453
0.453
0.452
0.452
0.451
0.452
0.451
0.451
0.450
0.449
0.449
0.448
0.448
0.447
0.447
0.446
0.446
0.445
0.445
0.444
0.444
0.443
0.442
0.442
0.441
0.441
0.440
0.440
0.439
0.439
0.438
0.438
0.437
0.437
0.436
0.436
0.435
0.435
0.434
0.434
0.433
0.433
0.432
0.432
0.431
0.431
0.430
0.430
0.429
0.429
0.428
0.428
0.427
0.427
0.426
0.426
0.425
0.425
0.424
0.424
0.423
0.423
0.422
0.422
0.421
0.421
0.420
0.420
0.419
0.419
0.418
0.418
0.417
0.417
0.416
0.416
0.416
0.415
0.415
0.414
0.414
0.413
0.413
0.412
0.412
0.411
0.411
0.410
0.410
0.410
0.409
0.409
0.408
0.408
0.407
0.407
0.406
0.406
0.405
0.405
0.405
0.404
0.404
0.403
0.403
0.402
0.402
0.402
0.401
0.401
0.400
0.400
0.399
0.399
0.398
0.398
0.398
0.397
0.397
0.396
0.396
0.395
0.395
0.395
0.394
0.394
0.393
0.393
0.393
0.392
0.392
0.391
0.391
0.390
0.390
0.390
0.389
0.389
0.388
0.388
0.388
0.387
0.387
0.386
0.386
0.386
0.385
0.385
0.384
0.384
0.384
0.383
0.383
0.382
0.382
0.382
0.381
0.381
0.380
0.380
0.380
0.379
0.379
0.378
0.378
0.378
0.377
0.377
0.377
0.376
0.376
0.375
0.375
0.375
0.374
0.374
0.373
0.373
0.373
0.372
0.372
0.372
0.371
0.371
0.370
0.371
0.371
0.370
0.370
0.370
0.369
0.369
0.369
0.368
0.368
0.367
0.367
0.367
0.366
0.366
0.366
0.365
0.365
0.365
0.364
0.364
0.363
0.363
0.363
0.362
0.362
0.362
0.361
0.361
0.361
0.360
0.360
0.360
0.359
0.359
0.359
0.358
0.358
0.357
0.357
0.357
0.356
0.356
0.356
0.355
0.355
0.355
0.354
0.354
0.354
0.353
0.353
0.353
0.352
0.352
0.352
0.351
0.351
0.351
0.350
0.350
0.350
0.349
0.349
0.349
0.348
0.348
0.348
0.347
0.347
0.347
0.346
0.346
0.346
0.345
0.345
0.345
0.345
0.344
0.344
0.344
0.343
0.343
0.343
0.342
0.342
0.342
0.341
0.341
0.341
