1.000
1.000
1.000
1.000
1.000
1.000
1.000
1.000
1.000
1.000
1.000
1.000
1.000
1.000
1.000
1.000
1.000
1.000
1.000
1.000
1.000
1.000
1.000
1.000
1.000
1.000
1.000
1.000
1.000
1.000
1.000
1.000
1.000
1.000
1.000
1.000
1.000
1.000
1.000
1.000
1.000
1.000
1.000
1.000
1.000
1.000
1.000
1.000
1.000
1.000
1.000
1.000
1.000
1.000
1.000
1.000
1.000
1.000
1.000
1.000
1.000
1.000
1.000
1.000
1.000
1.000
1.000
1.000
1.000
1.000
1.000
1.000
1.000
1.000
1.000
1.000
1.000
1.000
1.000
1.000
1.000
1.000
1.000
1.000
1.000
1.000
1.000
1.000
1.000
1.000
1.000
1.000
1.000
1.000
1.000
1.000
1.000
1.000
1.000
1.000
1.000
1.000
1.000
1.000
1.000
1.000
1.000
1.000
1.000
1.000
1.000
1.000
1.000
1.000
1.000
0.991
0.991
0.992
0.992
0.992
0.992
0.992
0.992
0.992
0.992
0.992
0.992
0.992
0.992
0.992
0.992
0.992
0.992
0.993
0.993
0.993
0.993
0.993
0.993
0.993
0.993
0.993
0.993
0.993
0.993
0.993
0.993
0.993
0.993
0.993
0.993
0.993
0.993
0.994
0.994
0.994
0.994
0.994
0.994
0.994
0.994
0.994
0.994
0.994
0.994
0.994
0.994
0.994
0.994
0.994
0.994
0.994
0.994
0.994
0.994
0.994
0.994
0.994
0.994
0.994
0.994
0.995
0.995
0.995
0.995
0.995
0.995
0.995
0.995
0.995
0.995
0.995
0.995
0.995
0.995
0.995
0.995
0.995
0.995
0.995
0.995
0.995
0.995
0.995
0.995
0.995
0.995
0.995
0.995
0.995
0.995
0.995
0.995
0.995
0.995
0.995
0.995
0.995
0.995
0.995
0.995
0.995
0.996
0.996
0.996
0.996
0.996
0.996
0.996
0.996
0.996
0.996
0.996
0.991
0.991
0.992
0.992
0.992
0.992
0.992
0.992
0.988
0.988
0.988
0.988
0.988
0.988
0.988
0.988
0.988
0.988
0.988
0.988
0.988
0.988
0.988
0.988
0.988
0.988
0.988
0.985
0.981
0.977
0.977
0.977
0.977
0.974
0.974
0.970
0.970
0.970
0.971
0.971
0.967
0.967
0.967
0.968
0.968
0.968
0.964
0.961
0.961
0.961
0.958
0.954
0.955
0.955
0.955
0.952
0.952
0.952
0.952
0.949
0.949
0.946
0.943
0.939
0.940
0.940
0.940
0.940
0.937
0.934
0.934
0.934
0.935
0.932
0.932
0.932
0.932
0.929
0.929
0.930
0.927
0.924
0.924
0.924
0.921
0.918
0.916
0.916
0.916
0.913
0.910
0.908
0.905
0.902
0.902
0.900
0.900
0.900
0.898
0.895
0.895
0.893
0.890
0.887
0.885
0.882
0.879
0.877
0.877
0.875
0.872
0.870
0.870
0.867
0.868
0.868
0.866
0.863
0.864
0.861
0.859
0.856
0.854
0.852
0.849
0.847
0.847
0.845
0.843
0.840
0.838
0.836
0.833
0.831
0.829
0.827
0.824
0.822
0.820
0.818
0.818
0.816
0.814
0.812
0.810
0.807
0.805
0.803
0.804
0.802
0.799
0.797
0.795
0.793
0.791
0.789
0.787
0.785
0.783
0.781
0.779
0.777
0.778
0.776
0.774
0.772
0.770
0.768
0.766
0.764
0.762
0.760
0.759
0.757
0.755
0.753
0.751
0.749
0.748
0.746
0.744
0.742
0.743
0.741
0.739
0.737
0.736
0.734
0.732
0.730
0.729
0.727
0.725
0.724
0.722
0.720
0.719
0.717
0.715
0.716
0.714
0.713
0.711
0.709
0.708
0.706
0.705
0.703
0.701
0.700
0.698
0.697
0.695
0.694
0.692
0.690
0.691
0.690
0.688
0.687
0.685
0.684
0.682
0.681
0.679
0.678
0.676
0.675
0.673
0.672
0.670
0.669
0.667
0.666
0.665
0.663
0.662
0.660
0.659
0.658
0.656
0.655
0.653
0.652
0.651
0.649
0.648
0.647
0.645
0.644
0.643
0.641
0.640
0.639
0.637
0.636
0.635
0.635
0.634
0.633
0.632
0.630
0.629
0.628
0.627
0.625
0.626
0.625
0.624
0.622
0.621
0.620
0.619
0.617
0.616
0.615
0.614
0.613
0.611
0.610
0.609
0.608
0.607
0.605
0.604
0.603
0.602
0.601
0.600
0.598
0.597
0.596
0.595
0.594
0.593
0.592
0.591
0.589
0.588
0.587
0.586
0.585
0.584
0.583
0.582
0.581
0.580
0.579
0.577
0.576
0.575
0.574
0.573
0.572
0.571
0.570
0.569
0.570
0.569
0.568
0.567
0.566
0.565
0.564
0.563
0.564
0.562
0.561
0.560
0.560
0.559
0.558
0.557
0.556
0.555
0.554
0.553
0.552
0.551
0.550
0.549
0.548
0.547
0.546
0.545
0.544
0.543
0.542
0.541
0.540
0.539
0.538
0.538
0.537
0.536
0.535
0.534
0.533
0.532
0.531
0.530
0.529
0.529
0.528
0.527
0.526
0.525
0.524
0.523
0.522
0.522
0.521
0.520
0.519
0.518
0.517
0.516
0.516
0.515
0.514
0.513
0.512
0.511
0.511
0.510
0.509
0.508
0.507
0.506
0.506
0.505
0.504
0.503
0.502
0.502
0.501
0.500
0.499
0.498
0.498
0.497
0.496
0.495
0.495
0.494
0.493
0.492
0.491
0.491
0.490
0.489
0.488
0.488
0.487
0.486
0.485
0.485
0.484
0.483
0.482
0.482
0.481
0.480
0.479
0.479
0.478
0.477
0.477
0.476
0.475
0.474
0.474
0.473
0.472
0.472
0.471
0.470
0.469
0.469
0.468
0.467
0.467
0.466
0.465
0.465
0.464
0.463
0.463
0.462
0.461
0.461
0.460
0.459
0.459
0.458
0.457
0.457
0.456
0.455
0.455
0.454
0.453
0.453
0.452
0.451
0.451
0.450
0.449
0.449
0.448
0.447
0.447
0.446
0.446
0.445
0.444
0.444
0.443
0.442
0.442
0.441
0.441
0.440
0.439
0.439
0.438
0.438
0.437
0.438
0.437
0.436
0.436
0.435
0.435
0.434
0.433
0.433
0.432
0.432
0.431
0.431
0.430
0.429
0.429
0.428
0.428
0.427
0.426
0.426
0.425
0.425
0.424
0.424
0.423
0.422
0.422
0.421
0.421
0.420
0.420
0.419
0.419
0.418
0.417
0.417
0.416
0.416
0.415
0.415
0.414
0.414
0.413
0.413
0.412
0.411
0.411
0.410
0.410
0.409
0.409
0.408
0.408
0.407
0.407
