1.000
1.000
1.000
1.000
1.000
1.000
1.000
1.000
1.000
1.000
1.000
1.000
1.000
1.000
1.000
1.000
1.000
1.000
1.000
1.000
1.000
1.000
1.000
1.000
1.000
1.000
1.000
1.000
1.000
1.000
1.000
1.000
1.000
1.000
1.000
1.000
1.000
1.000
1.000
1.000
1.000
1.000
1.000
1.000
1.000
1.000
1.000
1.000
1.000
1.000
1.000
1.000
1.000
1.000
1.000
1.000
1.000
1.000
1.000
1.000
1.000
1.000
1.000
1.000
1.000
1.000
1.000
1.000
1.000
1.000
1.000
1.000
1.000
1.000
1.000
1.000
1.000
1.000
1.000
1.000
1.000
1.000
1.000
1.000
1.000
1.000
1.000
1.000
1.000
1.000
1.000
1.000
1.000
1.000
1.000
1.000
1.000
1.000
1.000
1.000
1.000
1.000
1.000
1.000
1.000
1.000
1.000
1.000
1.000
1.000
1.000
1.000
1.000
1.000
1.000
1.000
1.000
1.000
1.000
1.000
1.000
1.000
1.000
1.000
1.000
1.000
1.000
1.000
1.000
1.000
1.000
1.000
1.000
1.000
1.000
1.000
1.000
1.000
1.000
1.000
1.000
1.000
1.000
1.000
1.000
1.000
1.000
1.000
1.000
1.000
1.000
1.000
1.000
1.000
1.000
1.000
1.000
1.000
1.000
1.000
1.000
1.000
1.000
1.000
1.000
1.000
1.000
1.000
1.000
1.000
1.000
1.000
1.000
1.000
1.000
1.000
0.994
0.994
0.994
0.994
0.989
0.989
0.989
0.989
0.989
0.989
0.984
0.979
0.979
0.979
0.974
0.974
0.969
0.969
0.969
0.964
0.964
0.965
0.960
0.960
0.955
0.950
0.946
0.941
0.937
0.932
0.928
0.923
0.923
0.919
0.915
0.910
0.906
0.902
0.898
0.894
0.889
0.885
0.881
0.877
0.873
0.869
0.865
0.862
0.858
0.854
0.850
0.846
0.843
0.839
0.835
0.832
0.828
0.825
0.821
0.822
0.819
0.815
0.812
0.812
0.809
0.806
0.802
0.799
0.796
0.793
0.789
0.786
0.783
0.780
0.777
0.774
0.771
0.768
0.765
0.762
0.759
0.756
0.753
0.750
0.747
0.744
0.741
0.739
0.736
0.733
0.734
0.731
0.729
0.726
0.723
0.721
0.718
0.715
0.713
0.710
0.708
0.705
0.703
0.700
0.698
0.695
0.693
0.690
0.688
0.685
0.683
0.681
0.678
0.676
0.674
0.671
0.669
0.667
0.664
0.662
0.660
0.658
0.656
0.653
0.651
0.649
0.647
0.645
0.643
0.641
0.638
0.636
0.634
0.632
0.630
0.628
0.626
0.624
0.625
0.623
0.621
0.619
0.618
0.616
0.614
0.612
0.610
0.608
0.606
0.604
0.602
0.601
0.599
0.597
0.598
0.596
0.595
0.593
0.591
0.589
0.588
0.586
0.584
0.582
0.581
0.579
0.577
0.576
0.574
0.572
0.571
0.569
0.567
0.566
0.564
0.562
0.561
0.559
0.558
0.556
0.555
0.553
0.552
0.550
0.548
0.547
0.545
0.544
0.542
0.541
0.540
0.538
0.537
0.535
0.534
0.532
0.531
0.529
0.528
0.527
0.525
0.524
0.522
0.521
0.520
0.518
0.517
0.516
0.514
0.513
0.512
