1.000
1.000
1.000
1.000
1.000
1.000
1.000
1.000
1.000
1.000
1.000
1.000
1.000
1.000
1.000
1.000
1.000
1.000
1.000
1.000
1.000
1.000
1.000
1.000
1.000
1.000
1.000
1.000
1.000
1.000
1.000
1.000
1.000
1.000
1.000
1.000
1.000
1.000
1.000
1.000
1.000
1.000
1.000
1.000
1.000
1.000
1.000
1.000
1.000
1.000
1.000
1.000
1.000
1.000
1.000
1.000
1.000
1.000
1.000
1.000
1.000
1.000
1.000
0.984
0.985
0.985
0.985
0.985
0.971
0.971
0.958
0.958
0.959
0.959
0.960
0.961
0.961
0.962
0.962
0.963
0.951
0.951
0.952
0.940
0.929
0.919
0.920
0.909
0.910
0.911
0.912
0.913
0.903
0.904
0.905
0.906
0.907
0.898
0.899
0.900
0.891
0.882
0.874
0.875
0.876
0.877
0.869
0.861
0.853
0.845
0.838
0.830
0.823
0.825
0.817
0.810
0.803
0.805
0.798
0.792
0.785
0.779
0.772
0.766
0.768
0.762
0.756
0.750
0.744
0.738
0.733
0.727
0.722
0.716
0.711
0.706
0.701
0.696
0.691
0.686
0.681
0.676
0.671
0.667
0.662
0.658
0.653
0.649
0.644
0.640
0.636
0.632
0.627
0.623
0.619
0.615
0.611
0.608
0.604
0.600
0.596
0.593
0.589
0.585
0.582
0.578
0.575
0.571
0.568
0.565
0.561
0.558
0.555
0.552
0.549
0.545
0.542
0.539
0.536
0.533
0.530
0.527
0.525
0.522
0.519
0.516
0.513
0.511
0.508
0.505
0.503
0.500
0.497
0.495
0.492
0.490
0.487
0.485
0.482
0.480
0.478
0.475
0.473
0.471
0.468
0.466
0.464
0.462
0.459
0.457
0.455
0.453
0.451
0.449
0.447
0.444
0.442
0.440
0.438
0.436
0.434
0.432
0.430
0.429
0.427
0.425
0.423
0.421
0.419
0.417
0.416
0.414
0.412
0.410
0.409
0.407
0.405
0.403
0.402
0.400
0.398
0.397
0.395
0.393
0.392
0.390
0.389
0.387
0.386
0.384
0.382
0.381
0.379
0.378
0.376
0.375
0.374
0.372
0.371
0.369
0.368
0.366
0.365
0.364
0.362
0.361
0.360
0.358
0.357
0.356
0.354
0.353
0.352
0.350
0.349
0.348
0.347
0.345
0.344
0.343
0.342
0.340
0.339
0.338
0.337
0.336
0.334
0.333
0.332
0.331
0.330
0.329
0.328
0.327
0.325
0.324
0.323
0.322
0.321
0.320
0.319
0.318
0.317
0.316
0.315
0.314
0.313
0.312
0.311
0.310
0.309
0.308
0.307
0.306
0.305
0.304
0.303
0.302
0.301
0.303
0.302
0.301
0.300
0.299
0.298
0.298
0.297
0.296
0.295
0.294
0.293
0.292
0.291
0.290
0.290
0.289
0.288
0.287
0.286
0.285
0.284
0.284
0.283
0.282
0.281
0.280
0.280
0.279
0.278
0.277
0.276
0.276
0.275
0.274
0.273
0.272
0.272
0.271
0.270
0.269
0.269
0.268
0.267
0.266
0.266
0.265
0.264
0.264
